10000
6305
-7242
-17032
-24211
-49
-10978
-19647
18392
-17391
-19942
-27171
-19650
3855
-928
-9287
-5831
12243
-21130
1529
23704
-11550
3982
8567
7346
11923
11346
3843
5919
-21595
13496
-26072
14125
-21188
-5209
-20211
-27798
-5798
18908
12680
-12475
-19594
22364
-16115
-6919
5046
-27373
22257
23164
-21936
-3260
-15464
4719
-16662
20691
22988
22640
-20743
5500
-2910
-9542
14456
22434
-2034
-19348
-5014
-15570
-20173
27233
24078
20419
2946
-14234
-21545
2078
4856
22040
10757
-17770
9453
-11354
-18094
-25388
13377
23268
-17463
-9361
-11509
-20326
-669
-7153
13571
15858
18032
-17362
24427
14059
1340
3526
3675
1545
19945
-27027
15441
-382
-5475
-25523
-21777
17726
26460
-325
-24119
26359
13411
-9008
-16035
-12490
2879
-4848
11926
-12349
-25143
6426
14250
-20443
-199
17606
1607
-17486
1693
-22754
-8641
-15120
26592
-271
-19522
17069
6338
-2493
6565
15140
3082
-13461
-27493
-8166
-26444
4829
7994
3083
8727
-9646
-9899
-20488
12932
11826
-25473
-22582
-14733
5055
6568
-14139
-6895
9781
-26912
14490
14222
25240
10774
-14489
-22271
-21666
3650
13869
5177
-75
-23060
17004
-12081
3230
6673
-14583
25474
25943
25298
27600
21535
-1095
539
-3521
290
10178
-6921
-23248
-7335
8496
-24564
-20486
-20352
399
-6104
-1177
-18773
-26328
-13789
-5745
-1878
25055
5884
-9207
-6185
24875
-9472
27575
7308
-6573
20358
-4354
-23309
-27051
-12520
-23758
25834
-3588
7668
-13128
-3418
-8798
5587
-16010
14151
-4054
-6887
20755
-22724
21007
-9495
25336
27927
-22118
-25946
25535
27857
8883
8383
4619
10340
-10005
-6855
-17213
-4419
-15504
-3268
19880
19755
7954
18210
-22616
-5252
9703
3718
-18690
4044
2951
14626
15120
-27508
3609
984
17844
-22228
-3287
1037
-6298
-7106
14068
27010
7533
-1176
-21897
26411
1581
7553
9093
7331
1613
-27374
5020
11139
22600
-26508
-13087
-14797
16578
-11723
17128
-8827
25051
22137
-25421
-24468
-11127
3388
6034
-27231
1940
-19069
772
-20309
-8829
-7719
-27341
22225
-1489
12005
-15094
-13297
7116
-16773
-14303
9353
-2366
-16458
5489
14428
-8696
15659
2744
908
-6503
-7150
-18265
-7538
5185
-13577
-6601
-5624
23133
-18545
-8167
-26467
27555
-19107
-5635
3917
-26878
-8898
3155
10774
-25654
7798
17628
26550
16683
22937
26140
22880
-21971
4545
-24057
-13257
3337
-299
8672
26684
-1805
20122
-27628
9109
15086
-20901
1237
-17590
27444
-9688
-27832
25142
2078
-23861
4026
16779
20021
-6827
-4136
-11157
-26126
-25695
-19816
3868
20341
2057
16904
-14110
9169
22269
18479
3534
22480
15936
8355
6250
10832
-7910
23731
21442
9102
-24237
-24417
23510
-24626
-25956
16327
-23133
2474
21538
23541
-12215
-19219
14596
4429
14586
13495
-5402
-4569
-12948
18640
-14732
-26485
26540
5451
-24145
-26521
-1155
22570
-15836
-7110
-19280
-6417
-25881
10365
3851
6513
-6322
-11497
-11377
-16956
13282
-12238
-25507
-20566
-24524
18993
-11212
10719
13512
25734
436
18702
19347
-289
10056
-475
9701
16356
-2106
26243
-2353
27449
11433
-19531
-3710
-24807
839
-14415
6117
2730
9507
-8152
27198
3287
23680
-8090
22515
-21091
-18698
24858
16381
-638
10255
14861
-10386
-10382
20118
-12871
1102
18128
-19163
17717
23791
11536
15003
20584
20512
-1442
11158
9415
-7090
-17959
-19801
20113
18217
-23997
-18864
-12356
-2346
-2107
-12882
8429
24631
17625
-13889
-27272
18920
10368
-11200
-25436
17497
8630
-16140
11372
3740
16047
20570
-10774
-7895
-8417
16661
-23275
-12872
-14858
-1853
269
20081
-13824
23092
17419
19414
1112
26235
-26461
2131
-21299
-12802
-27631
24163
1876
-16033
-4097
9126
20429
-15843
-10789
15276
-19030
15812
22803
20853
-4290
-15110
-15691
11302
4748
-1633
19571
-4784
-11684
2557
2328
13952
335
2911
-18899
-25523
4389
-27716
10664
8429
24640
-20732
-7774
-17609
-17609
-18115
-13283
-402
18417
-15447
-15139
12647
12068
553
-21576
-8590
-19781
14860
6991
3566
-23791
-24487
-16010
-22142
-25619
-5001
17607
5788
507
-13288
7060
10369
3526
-19692
25601
-18003
24729
-21206
7769
23033
-5031
10974
2407
22645
10477
-11660
24671
14841
3620
-3445
-8299
10243
-6658
-27945
9733
23345
16902
22428
15108
13701
13705
-26831
-26528
6893
13583
-20601
3101
12912
5758
22308
11481
-24551
11238
-27013
-21222
19230
-13124
-5430
-9772
25763
19630
21912
-11805
-19413
-14757
-2703
26923
14439
-19926
-20675
-21254
16602
-8918
-16887
2317
-25954
14930
7104
13507
-25982
-8338
-6001
-19193
13419
-16641
10567
14860
-807
21604
4077
-27325
6590
18444
26639
-5962
-8748
18089
-4571
19140
21954
6224
-13992
-7134
-1677
27020
-11233
8235
-1909
-26405
4716
11929
-20866
-27629
21581
18786
-10684
19772
-15779
-8331
-18423
-2467
-3932
-24778
26861
-1076
-7760
21727
19568
-3486
-2598
-13488
-938
11650
-27252
-21223
4219
3165
-22462
-8272
1005
-22183
2235
20916
-5533
1148
3236
-11078
-2191
-26425
24530
-26657
25540
-26120
-26922
7810
22674
13161
374
-16922
-23784
-8151
-20929
1862
-15647
-26350
-15465
-26888
21928
-14232
-1530
-21455
1620
13844
5370
-8011
-27125
3688
5651
10147
-24241
-3792
12476
-6399
-13385
3722
2305
26174
-8463
-27768
3444
5847
-7257
-20105
7850
-20348
-17112
-12503
-22178
-14905
-21190
3089
-21895
-2717
6336
15599
10948
21037
14158
-5818
3080
21764
-19094
15485
-14869
-5732
-15862
-9815
-20206
10395
6939
-958
-27302
-22393
-9214
6005
5196
-19857
3140
-4973
-13679
-7557
-11758
11480
-687
1707
4044
-5844
21202
10359
-11707
21360
27993
-11802
14906
-2109
17823
-11202
25705
27511
-5720
1505
4518
-24948
14760
8265
5096
14143
24041
-15521
1039
24524
-20905
21482
16663
9219
-19824
16504
4058
18115
15117
-7045
-26416
27213
24040
-19989
25016
2664
10754
-12281
2744
24563
-15766
-15965
24061
-276
19748
-21193
-22195
-4933
-7522
-26142
-5636
-4702
4773
-951
13011
20067
-2101
15767
-111
-18047
-24591
16972
9999
-25767
-17431
-27860
12186
9836
-12970
10495
800
10356
6481
-2163
24531
17358
-7680
21195
-6467
-24964
-10398
-1489
2707
-2088
-3936
14762
-22102
4336
-14477
3789
14466
-8094
14160
8229
1299
8413
22548
-14666
-10424
-27917
4189
-17229
-21382
-8448
27453
6571
-2917
1222
7746
-13460
-23639
-19740
21497
-11073
10527
-27543
-15510
104
19362
21780
12985
25793
-26796
9335
-25727
10272
-19429
-1080
-21721
16070
-5353
-10775
8960
-6162
3709
-17704
-26980
-24669
782
12193
-20523
-6560
-3449
-8532
4358
-25754
-13670
-23783
24329
9899
6556
-3358
-5914
16937
-9099
-19258
-13668
17870
11878
-1402
-4850
-21908
-12805
-6961
24945
-27488
-12950
-20233
-18650
-18446
7125
-17516
-20595
-7007
-1890
13621
22280
26495
-17380
-19018
1548
-8862
-23929
-24241
-1576
1708
-14773
12383
20589
-6092
-11461
-972
-21473
4928
3376
-18250
1284
3599
-15462
-12976
16931
324
-18748
-4294
27833
11807
20507
23652
-3478
-18499
-26036
16078
-632
-11014
-27083
-26474
-15683
10443
-21744
352
-27754
-19282
40
-25722
-5441
-5930
22143
-12569
-18839
-19992
15241
-810
16654
-15514
20342
25956
14481
19349
-12907
-2465
-13218
-25098
-14814
22409
21893
-17663
24019
18582
-16444
3224
-26698
-15067
-23120
7006
-3821
-26802
11581
6887
17847
20463
10754
4580
-23580
1636
-8328
-10391
5945
-9017
-8219
-18329
12555
-2222
16007
-7263
26529
7085
-17343
23108
1639
24842
21760
4953
5852
-18999
4138
-9181
9973
-5974
26501
20549
-20083
13499
10059
-4461
-10019
15749
3801
22723
-23046
-18955
-11987
-7184
-18935
20125
3967
-9466
-19476
-16104
-17149
-13340
26488
-12216
-9795
-24358
-11812
-2632
-6358
4403
19090
-9078
15719
11950
1711
8699
252
-21464
-5438
20841
5474
-14876
16137
-23171
15427
15613
-27737
-24042
-2950
-14427
-23471
22067
-25903
7052
7076
18060
-15364
-22371
-12514
6056
14980
20775
8494
12681
-16100
3881
-5221
-982
4893
5084
-20900
-21231
-3994
-13759
21767
-12212
10797
-24040
3577
2584
-24897
16376
27194
21615
-15483
18540
-26709
26895
4458
19364
-9048
-25745
-5284
2498
4704
9332
-4317
13283
23001
22854
8130
308
-17571
10192
11337
-25375
19891
-20288
26377
10184
5405
-11868
6151
26902
23404
-26863
-25490
20649
1382
-9172
-26566
-683
17574
17484
4117
-26529
-7551
5601
5036
268
1187
-24991
-24661
12648
15841
-16712
-27615
26212
-17030
13004
-14237
-5715
-13183
-2750
19444
1550
8778
2789
-13848
7112
674
-22555
-4172
12059
7779
-8444
-15675
14650
-24607
-9217
3806
19226
-3586
13801
6540
11341
-17821
22518
15480
23198
-8484
-2662
-17764
22513
-14527
-24553
5882
-24521
-22803
20215
18856
11897
-5758
21011
-20860
23374
-21601
-12664
-1080
-10815
15710
-18009
24622
24036
-10323
132
-12701
-4743
-22084
-13877
-239
1197
3978
-6217
-15354
-3537
9958
2863
-10247
-6314
-19216
17022
-24800
-27645
13014
-724
-26158
-23477
4545
2703
-16358
10238
1214
-6557
25034
18782
-12813
16230
-16399
-27390
20033
-27932
20194
18845
6551
1272
27424
-16083
26178
15661
-4999
17572
17955
-24557
-1527
-22809
20625
-17575
19590
19716
10167
10403
16428
13968
-11568
-8569
-25482
-7804
-23214
21681
-27645
-12114
-18653
-5320
12064
16016
-26939
-17724
-26559
-7709
-10420
-23404
19548
-4983
-20230
-3491
-5642
3455
-3423
8909
-18908
-17817
-12497
25074
74
-11435
9703
-24606
14059
-8305
20303
-8996
18428
-25314
-3581
20071
-10931
-18492
13553
-10497
-22225
10986
19651
17436
-5093
-25314
-4367
-16558
-13374
-5667
-25972
5927
-27346
-24382
27782
-19737
-25208
16044
-12922
-12428
-14045
5737
-4900
-20954
6780
-23232
-25717
5136
-5562
22308
-2828
-21259
26130
9497
-24432
8682
-19061
5826
258
-11986
-27100
20886
-22229
9
-12133
14618
-13277
-953
8712
26609
10799
-5336
-14713
10475
3087
16247
-10159
25123
9930
17023
-25700
-19019
-5607
10357
-448
10565
448
19745
26772
-9012
-15364
-14399
-12571
17366
12191
460
-12130
17368
14915
-2909
4920
-18586
18848
6657
25780
21759
15482
-12139
4533
19285
-14974
-1116
20708
-26076
3022
-23341
15922
-9300
13102
-20310
14780
27030
3587
-5321
621
-7993
-25303
25623
-14250
-3514
17639
18251
20280
13784
-6532
-1338
-16223
-10017
-16829
13103
7093
-15912
16341
-20525
23565
-24865
23737
-24936
8594
20367
-13707
-5750
10290
21432
-4768
-7115
3423
21546
-25180
-10867
5230
-11834
22924
-7125
-3230
-6721
22185
4510
13874
13583
-27877
3606
13374
27003
24906
-20276
-4200
-26888
10937
7834
16712
-11945
-11168
12093
9586
-21663
5187
14195
17662
25906
-24587
890
-1157
-21039
3574
-21689
3442
5198
-502
14570
22024
1947
-23655
10243
-7699
-19913
-26647
-10425
20771
-26595
-4560
-25115
9858
-17079
17064
-4133
16111
-10717
22583
-158
13179
-17674
13494
16952
-739
1050
16708
-18615
14650
-9045
694
-14904
21243
-15164
-9913
-25297
2225
12646
-25347
-25601
7677
-27615
-13718
12400
8575
3058
-6017
-949
18018
4632
15636
13968
13543
27068
503
7901
1448
13473
1638
-4681
18586
-9064
-10553
-7064
26108
-22264
20322
140
14777
20888
22529
17570
2766
-24754
-25866
-14289
16237
-14890
7556
-25105
-19953
3522
-514
6242
12437
-19405
-19311
-399
17766
-1354
5189
342
-2384
-23314
-21363
-27625
20729
25769
-20878
598
13204
-1742
19669
6242
5996
1554
1639
-13491
-4159
-11878
7966
4785
-24587
8676
3155
-25486
-5932
-4967
14572
-16915
-9407
-20103
13903
11697
-12898
-13701
-12068
-26250
-10422
-24427
-20801
-20988
20478
9124
-22535
-5181
-2545
12311
-16235
-22146
-11316
3210
13055
27638
-8227
-8571
-160
-7063
2857
-9832
5549
6130
2163
7825
-27246
638
-5683
14107
-13278
20178
16333
6647
22907
-16394
-19920
-17253
27541
-10938
-15293
-8259
6761
-5563
-20881
9577
24075
8131
27708
16388
-24539
5499
4070
-20467
-19352
19674
6638
15474
-20890
-7444
19220
26482
6739
-2887
25943
-11495
-19350
789
25208
-6713
24345
-6945
-11678
5289
-14768
18034
785
12679
-20545
-26820
14820
-14901
-25616
20006
27939
7255
2018
-23558
4306
8657
3987
5809
26071
-12503
-21224
20251
4215
-27265
7304
-26478
19724
8763
26809
-17952
-566
19778
-8837
21683
1988
24766
-8973
-14125
22386
-19739
-13871
-1846
23747
-18715
-8803
-12718
27415
20979
16852
680
24738
13430
6547
10018
3927
-18368
13141
10101
1060
-25520
-20338
-25755
4552
-27573
8617
-16251
6370
-1671
-8382
-26369
14907
-651
18038
3046
-10476
-6865
-7732
14648
-26390
3294
-1377
-23067
13545
3652
-17827
-17092
20133
-14140
13887
-540
10211
-21675
-10920
-21014
-25199
9915
23225
19767
-20010
-11966
-7233
24891
-9359
-23659
-4392
-24378
4497
-10591
6503
-21964
-10256
-14652
-21177
-18493
-14505
2230
25918
8841
27940
-4985
-10210
8810
10118
21955
-11799
-2881
-24939
15065
-5023
25409
15631
-7785
4059
-20346
1312
19765
-19390
-389
-7956
7974
4415
14780
-27783
-8284
3765
15020
25717
-17168
9472
-15822
-3889
-9601
26362
-1119
-3131
-23028
4532
-20973
22878
-17254
12068
-6172
17434
-11928
-16066
-16916
-4320
-10847
-4844
18846
17866
8411
19739
-21953
-22286
-5198
8715
-849
-16438
-23946
20143
7100
14704
-17351
-24139
24241
23878
21961
5562
-23829
11870
-7442
-9683
-3383
26862
-265
-15978
15792
11637
3376
14711
-5372
-5318
-21601
5005
26650
-1712
-12206
-560
27808
-4364
-11433
-18607
-7382
-25222
14196
6071
-5302
-21665
-3601
11711
-6064
-16521
-10853
25567
14039
-12907
-14565
8224
19646
8572
10739
24053
-21217
-21080
-10023
-14824
12093
9280
26832
6450
-554
26070
17121
14948
2273
10174
-11338
22631
-4542
-13040
-6147
-9363
9300
-16002
2293
-24117
-10120
-7948
3905
-837
27353
-79
17164
1379
17741
582
27955
9209
6394
-19810
16601
17431
24103
25652
5427
12348
-13010
-183
25346
-18855
10909
7844
666
-1001
8303
-27424
27367
-12764
20271
-16203
18586
-21119
14207
12642
-3119
1011
-21336
6991
3610
-11446
22667
25542
-11934
17467
-15569
27749
26513
-19198
91
-15440
-15369
27093
20138
11689
-23058
1613
-2665
317
9317
9488
17773
1661
-9912
-8050
-9721
10411
27510
22642
3393
4804
3197
69
26091
14636
-1353
20913
8809
13512
-8741
10630
-12406
8783
24628
3972
-15402
14478
-14845
-23050
27506
12632
-5877
1579
4792
4568
12060
19138
10864
26283
2172
23483
-16236
11013
-20814
-24663
24885
-14235
-13345
-22115
1243
27028
-13218
-15632
1446
-11584
-21553
-12955
24220
-26906
239
-6597
21705
22114
-12033
-19228
-23473
-21644
-26509
5062
-9330
16355
-14607
5296
-5123
-24388
2742
-379
23797
-8969
-12253
22934
-5067
-19551
27218
8747
15048
-10144
-18333
-13483
-17096
-1813
-10807
-26144
20174
-15769
-18807
15111
4082
8511
-7253
-11761
-8593
-20980
12533
11970
-16720
-3620
-12617
-25856
23600
9740
26670
24077
27420
19283
12679
14456
-11423
14394
-5050
-1798
18750
-13029
6966
-3250
-3820
-23384
8561
13327
-24126
7839
6705
13405
-26439
27939
19826
6952
1590
-22641
-13632
-1861
962
-21997
18001
24422
-10565
-24343
4339
-13513
-1543
-18481
19536
9070
20609
9670
-9708
10149
26789
10846
10904
1670
-18341
-23760
-17464
-3717
6507
5754
-13619
-18394
22250
-13445
7736
-11429
-4377
-27625
14934
-6875
2762
-22532
-14314
-5859
-19186
5913
-14291
3056
12653
6503
2833
-7423
-16930
14382
3128
-22310
8503
881
-22653
17870
-17135
18020
-15659
22759
-23233
-19181
-5880
-3806
14848
-9350
1308
-12134
24367
15488
8465
-9482
11159
3878
-12303
17540
11952
-7027
13016
-21000
16674
-3077
5707
-15404
-17819
16209
-2834
-3039
24927
-20600
3817
5402
-4902
-5655
-16887
-855
7473
-4176
27445
5330
-11792
18606
-22438
-15159
-23333
7753
21470
-4058
2080
25155
16642
-15701
-10643
-9913
-12655
-12097
-26391
-1153
24350
-15800
-3022
-14584
-5815
-9082
24996
-21280
-21490
-6551
-21176
1976
14947
-1421
9946
18652
-24409
27823
16258
23990
16218
-19992
14397
5340
-12997
-6687
-15260
27408
-24613
-26341
-5801
-16333
-9891
-25250
13145
-11882
21567
17988
12980
15834
-513
7674
25163
19885
1544
12719
18510
15217
15285
8653
-21145
17251
5552
-17137
22755
-7328
-3796
-21950
-25283
-4665
423
17379
1806
1445
12698
-12179
-4051
1216
-11282
-9651
-26803
10361
987
-27799
-11177
-17364
-12192
-8995
20075
21553
-24646
27489
-15104
-24092
-759
-22243
-20877
16592
-23760
15523
-16123
-9509
-18580
-11918
-6059
-11887
-21893
-3640
6111
24759
22587
-25230
20005
5400
-12040
-18440
16150
5842
632
21624
20878
12212
21732
-23778
18855
-4133
-5778
-22266
-7646
19627
-7146
10589
-16339
-26214
1348
-9149
-11923
-19445
11178
17270
9149
14699
-11737
-2470
-20233
11205
19283
-22301
-13913
-1507
-16395
-4660
10973
4469
-8687
-26202
4544
14448
-20015
-4810
23249
14923
-16648
-3977
-10388
14643
-15647
15995
-16650
12053
-4714
-21175
22869
-3928
19167
-22744
19862
-16348
-14098
-12482
17702
-21677
-5046
-14811
799
19368
5498
12768
-3409
-23222
21892
25374
-9528
24339
21495
-1802
-179
26069
-24168
6799
9274
-20677
27212
-18630
-1756
6559
-3225
-7249
-20305
26772
24510
17711
-5425
-10375
902
-20023
26882
22451
-298
-1837
12614
-24237
-14928
-373
-13051
19113
18407
2329
-21482
-16857
17609
11672
14479
-1987
-22271
-8909
5401
26468
-8186
-1190
-22868
-11395
-6735
-24415
-1741
-26058
10638
-17206
-4900
4458
24442
-16726
-7655
-17134
12914
16256
25960
-13055
-9063
-5428
5866
19803
-1359
5369
-9919
5874
-2863
-12216
-27404
-3470
25818
-21372
-6509
26172
3089
-10322
18223
-8171
-23451
-25193
27760
-23338
-14667
9142
24064
23541
-13549
-7064
-26656
6946
-15469
27194
-23593
22488
-19219
-13145
-3300
-24352
-632
-3773
-1342
-6732
4559
-15027
-13532
-21448
-25763
-10302
20108
16537
-16842
-12756
-6820
11204
13317
-1514
-3769
8265
-23746
13070
17337
-471
-23638
-3844
-18122
16540
11884
-11152
2496
-24731
473
4922
26820
-721
-3874
11569
-25474
-11850
-21089
862
13713
-6704
-10171
12758
17826
20179
4783
-11157
21530
18875
14165
-3881
17138
-945
-15537
-7827
15657
25821
-7532
26367
504
-11883
-19306
-26035
-11902
5545
-6375
-581
18523
-21714
-13874
-16631
-27684
-22507
-25684
-5629
-13879
-14331
-584
20015
-9633
6754
-21315
6750
-19319
-16202
-24910
-20287
-26783
2009
8105
-8923
10275
-6443
23690
15481
16513
-21381
16265
-7083
-25124
15231
-27126
-10945
-6209
-16869
-13822
4328
15636
9451
-22975
10036
26414
14790
-14846
2174
-8431
21086
-24662
-20170
23778
-2452
5095
-3769
16332
-10701
16581
18394
-15440
-27784
8696
-20424
6397
-20523
14593
-11311
-3778
26846
-14503
14024
21487
-25583
15337
13354
-21116
27553
-17422
2041
-15277
17871
27879
-20854
-14703
-6140
797
14685
-13416
18979
27143
-21350
-14500
11096
7904
1817
20383
4873
-17173
-27344
1434
-10413
23395
12525
-9889
4794
-6349
6905
-25451
23062
3849
-11114
-4445
-9327
24522
20166
6639
-17946
-12664
19195
155
-5649
-26614
-21304
-23697
-14319
-6887
14708
11791
-11115
-5600
6694
6201
-22418
-24139
-5323
-25568
12176
-14262
-8682
9270
-18821
755
-23936
18497
22054
-14301
21639
-9721
20245
3682
-8876
-4518
-11179
14883
-11531
-23466
-26797
-19149
-19320
-22618
-9748
7
-2821
7206
3762
-25279
-3701
-24443
-1135
25936
-25507
24213
-23090
-17682
-21086
13442
-3782
-17588
-7013
-25415
-25263
-3883
-588
-11688
15068
-665
-11708
-5514
7789
14116
-14807
24113
1254
-15650
-11331
23159
-16318
19835
-11080
16198
-8235
-19786
-16921
-8178
-5513
13482
10359
-27023
-27000
23075
20888
-20109
-1914
20496
909
6524
16354
-4200
18370
20126
25671
16812
27953
-23503
5295
-13499
5203
-12336
-9904
2125
-16974
14359
22579
-9080
-9008
23384
22322
-15829
-9324
-4416
-9541
-14728
-21234
-8495
-6522
-6471
-22685
27274
-18682
9454
-18547
-3548
-14057
-20376
3271
-17696
-10355
-10400
7516
-3976
-8217
-2149
27264
2710
13310
4636
-15349
14453
-10619
7381
25204
-18472
19478
5576
12359
16341
-3819
14079
12443
21529
-22732
-25567
-27436
5506
-24853
-16179
20049
-20323
-3388
21954
-3478
-8842
-10450
12110
12947
4587
-27062
-2829
10915
26086
3226
9522
11976
-16296
-6014
19697
19742
-21537
27671
-19968
-98
-15616
-9020
-16983
-25544
21636
2951
-9046
-23381
-9927
-15256
26836
-4782
2717
-2736
11373
25212
15937
-26504
7178
14425
-27558
-14212
-16540
-12245
-17145
18889
-26652
20819
-7199
-14081
5995
-27535
18009
-4116
-3307
14031
4678
-13523
6313
-654
18366
39
16147
19725
-14986
3963
-21444
8709
-9899
1559
-3626
7302
13684
-7743
9993
2374
-3390
9162
-20471
-7278
-26668
8955
1085
-16607
-5376
26379
13030
-25759
-11000
26755
11726
5555
3444
13391
-10636
14070
-22198
16378
-4315
-3818
19096
-14841
9697
-7236
-3484
27697
-19795
1654
5408
17158
-2893
24280
-25418
23957
-25539
17184
-15974
25908
-21457
-22801
-20937
1893
-7847
6016
-7109
-5528
-19467
11739
-23553
-10763
14413
-14322
22606
21963
9426
-22025
-8390
-3281
-8615
5071
14018
-20178
24034
1441
-2556
-21082
-23273
-19027
17620
19033
-16035
3519
-14616
-24583
-21559
-11313
-17641
-23305
12492
17601
-26188
-12322
23105
-3281
903
-9626
5082
25778
5424
-22236
-17934
2343
16627
9436
8400
-18930
1239
-15748
-8402
10724
-13345
-9936
-5623
-3727
-25055
-21571
15055
-3983
18162
-27848
-26703
-15994
-433
-7299
-17833
25113
22481
18955
23902
-10255
24183
-5668
-462
12157
-10702
-20061
-8394
-21804
-21701
-11773
-13076
24687
1366
-22726
-23484
-16486
17708
-17926
-6545
-19768
-15950
-22505
-8939
18860
-19324
-8824
14839
-14375
-2444
16832
-27849
-10240
-14568
-8654
-4407
-17132
-8335
-25098
20215
-9424
21090
131
10470
-11028
-2999
13142
-24116
15
-23685
-22439
17968
-24731
22317
3320
18327
-487
-1879
-15766
5672
-14879
9163
-13387
20595
-9829
5817
-5610
6088
15597
-124
19456
25284
-1454
-21234
27076
24377
21981
27885
5813
5669
-25329
-20662
11162
-25035
26326
-16500
17033
-26463
15772
-2211
-5070
5782
-15341
-11043
19067
19369
23734
2735
-22371
-6412
-4703
-2699
12579
21996
-7400
-830
-26522
1081
-24664
-2027
-25867
26700
-20074
14138
-22615
-27157
-10438
-2401
-11023
-3576
-15736
27763
-16795
23257
-24102
-24466
24384
12279
-12204
20047
15685
-16185
16851
-18525
-21743
-27301
7451
-7871
-16841
8582
-10549
-9214
-5566
7350
19754
-4217
-8943
14414
8753
20304
-25943
-557
26311
-20017
-15300
-19651
3562
-6142
9299
-4368
-8722
-26872
-1287
22940
-18891
7856
20204
-3442
-5540
-10550
-3945
-22392
27899
25380
24233
-8178
27977
3000
-11950
-20350
-24764
1464
3999
13661
24203
1128
21690
8263
6549
-24409
17191
-8206
7400
18534
-23641
-21477
11074
15502
-847
-3642
-18299
19236
-13345
-24557
-16849
-24821
-6249
-9524
-9083
-10950
5509
5757
-1896
14542
11932
-7631
-5155
-8188
-5088
-23452
4447
-26524
-16599
-19735
-701
-9657
-23568
17609
-2956
-20276
1515
6539
14996
20041
20861
-20327
-1737
11346
-9346
-6930
22283
-951
-23101
19304
-22433
16636
-3539
26429
-18364
-6514
-1020
5371
18573
-5020
11292
-26194
-4117
-22846
-20180
-10545
9678
-6043
26346
15432
-25424
-20951
10601
21107
-22991
-25084
13191
-15261
-19250
-13733
3274
22338
-9246
26683
13408
19363
-14336
-25395
-16755
-19616
5717
-16948
-3795
6577
-17369
21524
3004
26650
25278
-12863
-1677
6218
-18219
-8243
24475
-5475
6244
-4437
14339
23410
-11614
-26229
-24505
-21715
10424
1444
18546
13416
-23109
11353
14183
-25450
13171
-3053
-1857
-11569
-14851
21046
25779
-24525
-22573
23723
-3437
-208
-10428
8935
-26766
-14101
-3353
-20667
3160
20085
17986
14520
-19143
4106
27693
4825
-2722
-19115
-25805
-9609
23878
-18597
4045
-428
-16134
-8633
21383
25452
-22791
-7950
2060
-17763
27168
7785
-16404
-8347
4506
20454
-26805
-17372
-13618
-24850
5749
-23199
27338
-5427
-21949
-16471
-8248
-27510
14475
-4239
26422
1254
-742
-15623
-12079
-11121
19779
-17272
-15105
-20538
-20136
3330
-24500
-15401
1491
5100
2008
-24907
-16272
-347
-2010
-23803
-1094
27685
15613
7851
-20706
-23212
8355
-22559
-9985
-3255
1771
14279
-21899
-7970
25384
13896
18194
10221
-4779
11745
-8270
7592
-22979
-7010
-6732
-5800
-17397
19966
-26274
-6220
2493
3214
-5702
23641
16593
21552
9580
-7389
-6174
-24681
22083
-27350
14564
18488
24237
11600
17227
15926
9677
-25529
19466
10038
17581
18936
-3729
252
16522
18859
-17298
-2610
-19979
-26440
-14527
18698
-6565
1222
-24834
2626
-2887
-24920
10468
15211
21756
-12537
13334
13930
-25890
-23666
1099
-27833
-4992
14300
-19209
-10270
-2737
-11030
17240
-23395
-4914
-11010
-10622
-27669
-20978
-19474
21226
-6681
-15224
-20490
26254
6347
10414
-5912
25950
25560
-5120
-7741
-13274
-12637
-22233
21272
18380
-7680
-19485
-1532
16417
27462
-3695
-24318
10080
21123
14021
4848
-27855
-2584
14369
7962
-18952
24293
24120
-15896
6717
-26749
-3950
11742
-10710
-5006
-16581
12990
26824
-6299
-11810
7337
6563
-6335
-5309
25459
-932
-2623
-4450
-18820
-13887
24321
-3215
26987
-25562
15650
10341
-27375
2229
27587
15127
19672
-11186
23762
9841
22755
-8660
-9861
-22310
-15803
24062
18651
-12262
2114
5888
-2168
308
15973
13928
-11250
-8014
-24146
9480
20565
11479
1131
-21443
-5939
20968
-152
-152
26896
1786
-15035
3649
-15140
22501
6681
14362
8540
-22639
-23586
-5369
22354
7774
7408
-302
-2882
2045
-15064
18149
-24620
6341
-3500
-20924
1775
-8165
2868
-21902
-23868
27156
9419
1344
13702
24892
-20886
24686
-27162
-15437
-140
24506
-10338
-906
1190
-13584
-19377
2826
-13059
-5605
-465
22534
-6923
23038
-3348
-1519
26057
9109
-15379
18277
25428
-10840
-15650
15564
-12399
-9256
2132
-9807
1437
-3363
-2747
-25355
9780
17191
14321
-23520
14503
-17753
-15004
-23703
25677
-9242
7765
19403
5536
14842
10031
-2486
9639
-12424
-25931
-25923
-4153
12735
15853
-6605
-7777
-1059
-5982
12206
425
-3150
-15164
22293
-24139
5683
-10035
-20882
6653
1744
-20661
27888
19623
6985
5339
-8067
-7975
9625
12377
14503
-16857
11075
-22947
-19611
10159
-2513
19893
-2194
22907

22622
-14246
9370
-21964
16996
-22992
11142
18464
-23317
16423
25677
1528
17807
26998
27372
-23038
-19280
-1895
-19710
8031
-9867
-27539
-7157
7274
20328
-10969
-5127
20814
3257
21033
26196
-8177
6446
3223
-13200
-18873
-586744
-7431
-24093
-27603
24919
-13170
3364
-15496
-15625
1677
-2766
-13417
5191
-19849
11712
-19969
-14019
-8911
-22617
7522
-14142
25643
-20522
-12667
4383
27419
-25996
19479
-17281
22733
23361
13991
9100
19305
23610
20006
15689
-14077
-11587
-11869
-11021
-10951
14588
-9875
5790
1565
337
-3401
9688
-4326
-13366
5190
19005
-13968
18713
27919
-955
22890
-15148
8904
-2806
-19667
-27268
23112
3615
-10421
-23525
-7308
-3924
-6472
3215
-5710
-18694
24882
-15991
23504
22330
20404
24358
-17243
-12615
17002
-21816
9686
-22338
-27546
78
-14146
-7405
-15011
14722
-17514
-13086
-1077
25414
-6466
25791
14389
18386
3537
10010
15707
7827
-27313
10264
5742
3075
-13590
-164
8349
-7210
-15139
-13559
-17391
8806
-8824
17528
-11968
18626
-2868
-13838
-27072
20247
-24955
-2531
-27028
-15750
-15732
8024
-1305
19015
19575
25628
-2305
8227
-4851
-7779
-19274
904
14937
32
-15675
-6060
27665
27889
-5377
1965
-12629
-27055
-14066
-12334
-15190
-18922
-24141
7689
-10273
6295
-5270
27271
15295
23732
13777
-14021
27900
482
-2727
22161
23032
-24858
-4168
21718
21100
-26685
22492
-4140
-22180
-20444
-26750
-218
-2196
-20285
-17827
15300
19853
-21698
-22508
2347
24926
13546
19451
-4794
20729
-9192
-26584
4279
19050
-2551
3791
13156
-18326
19737
23021
5732
-6565
12693
17345
26596
21740
2763
-18116
-26794
15083
-10270
-1494
6893
3866
-14296
14397
26947
-24499
-1678
8390
-6576
-25002
27445
14404
-6970
-26740
3530
-23663
-1370
26353
-27245
-1793
-10300
6385
-19330
6663
8390
-24808
23857
-14831
-219
22996
11928
19370
-16859
-739
-24629
12477
19925
24022
-917
-21585
-3955
21387
2484
1793
23989
5402
10835
-14631
-13085
-21511
22817
22470
23387
-12652
-21967
-6470
21891
11312
-558
20425
11341
27973
4399
26928
13763
-6827
-12916
16360
10862
-1960
13694
-5361
-1858
-17390
18934
-11531
17822
-20947
25982
-24826
-21006
25551
17899
8745
10605
-12259
4173
13512
16498
-11806
-13856
-11954
9589
-11221
22738
1770
2658
-7442
6608
20542
4265
101
8490
26687
7378
-14241
23295
-25450
-13097
-25255
3069
18679
-18868
-27501
11463
-19560
-3914
-24010
-23533
-2033
14966
27561
17489
-3464
-8585
-16340
-17395
-399
3133
20192
2821
-14557
7245
27390
24599
-3922
-22995
-26720
853
-128
-8564
-12165
-12207
15185
17578
17967
-20890
-13698
21070
-8147
-9922
-16462
14188
27104
14093
-6519
-20354
-25342
18451
12229
25954
25396
26968
27562
20736
-1155
8022
-12010
10539
13964
7616
10545
10366
9351
14615
-22096
27960
-4483
-20054
-4206
-26238
-13736
-20762
15938
-27922
10514
-4033
19542
27966
22337
8256
-6217
21841
4091
-21711
1519
-16935
-1165
9752
582
12097
-8536
-25132
-18043
-7015
1748
-20768
-16870
-17095
25747
-6919
-24587
-19374
-19865
11474
-14196
-5519
-21209
10489
8783
-16100
24580
-15625
-1833
-13471
-6428
-25544
-12963
12918
15908
8121
497
5196
19563
2876
-5008
3715
26509
-26565
-10645
21884
-22078
25761
17103
10366
26261
-16221
21375
27153
4736
5493
-10860
9820
21134
11221
-8316
3223
2669
-1385
445
-15648
-19541
5843
18792
-24430
23250
-11659
19213
14431
-2930
-11993
9889
-1603
-27738
11845
-27066
14323
-13436
-6583
-27233
19096
-8037
-10904
-18433
-17838
7016
-13379
-4274
-22768
-23572
-19790
-13591
-7282
-6343
-18956
-21519
-18514
-7377
-11002
1431
-15696
-309
25964
7313
-10527
-17844
21165
27087
6822
2610
4591
-27030
-11658
17523
-4011
3092
-4691
22799
-9486
7339
14295
7045
-10507
-21804
21962
-17178
20336
8387
14778
-26583
-8411
-12428
8323
-3466
9068
-15730
23657
7212
17471
-411
4577
-9902
5608
2358
-26069
-18904
7874
18663
3684
-4141
20734
7540
21903
-5233
-14429
-5737
935
4025
-26664
4199
12596
17291
8889
9360
-6130
-25285
147
3414
27574
-14830
-17033
6679
-20765
23472
21702
16246
14447
11288
-575
-15370
20841
-13776
15594
-16892
-8934
-13274
-26403
22837
-23148
23065
6697
-13738
17592
1193
1744
-17347
18812
10633
26023
-14257
20124
-22702
-27080
-8044
1627
-8110
24832
11258
721
4061
11979
-21178
18585
-4375
-20855
-11959
-12294
-11875
25646
10190
11178
-20984
-1425
-26037
23706
10742
-10666
-576
16329
-19617
-7527
2760
12209
-21676
-7871
8790
24797
5575
16744
9384
15993
-20419
-10388
13329
-18448
-14494
-1773
-17166
-13958
471
8683
-12839
-24313
-19851
-15080
-13703
-13548
25544
-21488
-6475
21781
-3013
-5433
-5367
-22295
2389
-3039
20841
2062
-23775
18987
-21073
-3939
27566
-22550
20436
4304
13053
2438
24312
3830
2876
-19113
21601
-11834
-13198
-19492
-15745
-13759
-22453
111
-2443
11295
-4846
27678
20130
20146
1476
-9583
-25701
27935
6833
21701
-1
-11658
-8000
2257
-13835
-12450
-12119
-12730
-2664
-7596
-6287
9597
-27716
4375
4939
18925
-14910
25007
22316
-4708
-25427
-21999
13280
-3034
19549
5938
-13235
21505
11143
4420
-12937
-9266
9943
14942
-26933
24726
-656
-19973
3243
19063
-10249
-1721
9432
-26995
16793
-14102
5126
20928
17156
-6119
24851
-27972
-12042
-19993
-27373
26647
23621
5505
-15631
17805
-24112
25674
-23459
8056
1282
-950
-16121
-27009
-19552
-19717
19833
14880
14795
21650
-375
-14777
-23030
-10574
22329
-11756
3872
15152
14828
21350
1066
4820
22989
1124
-8331
-18417
20858
13909
-6977
-22921
16578
-14589
-15704
11015
-13354
-27682
-22804
-21760
-24096
-25438
-15506
-27428
-24563
6110
25296
-12545
18090
-22034
9362
17681
1347
19629
26432
-16141
4315
26927
-18722
12860
3023
-14688
-3092
-17269
-9394
20787
-8524
-15791
-26499
8492
13598
5167
-14205
16193
14443
-20395
-987
-15060
-24531
2397
15931
391
-15462
-15275
-12618
-22282
-17827
-3029
20127
11105
20421
-7422
11686
-24796
-24515
-13477
-20250
-5057
-1988
27950
-21540
-18039
20407
-11763
7047
8288
-2253
-22238
27565
-4207
18083
-11212
21399
-11416
27831
21591
-27890
26109
420
-2681
-26246
-6733
21642
-14666
13779
-24346
25259
20259
19932
-26493
-2679
-25189
14611
-22034
9351
19346
-3894
-4394
-8320
-10060
-27326
-22702
-15229
-22888
-19290
8071
4776
-14684
-24947
-12864
-25107
-3325
14618
7216
-22765
-8346
-5372
7890
25577
21209
22321
24305
7950
-8338
-21222
20089
-21903
-12779
4078
21149
-17866
773
21209
3224
-1938
26957
-5846
9601
917
-20363
12438
-11998
1386
4125
19509
-15674
-18722
24920
1827
-5216
4521
17301
-27513
12760
-15812
21152
24642
22060
20699
6858
17273
23430
-23660
-18021
-4098
4033
-16695
23810
-23605
22773
-6354
-7983
-21101
-2888
23444
1695
-12905
3021
-29
26384
-23323
3233
-2575
2259
-27026
-8700
15022
-2224
23487
-26792
24972
24985
16319
-9135
-6033
16814
-7461
-10375
-19694
9932
-11534
6433
8970
-8150
13588
-16306
-27436
-14020
-26930
3638
-14288
11678
26092
-16034
14661
-5018
-17904
-10550
10241
27324
18254
-13680
-9736
8444
12706
-9390
3998
-13120
-17397
-16129
26036
-21872
-8735
-5553
9141
-3102
-26877
6690
-12701
27456
-25665
-10543
23090
-14715
21777
-16830
-6179
1075
-9272
15921
20672
11332
3632
25192
8112
-22536
27630
-18528
-11767
16761
5062
20556
5781
20221
-17644
-8713
-2245
-4164
-18576
-5839
6631
-13170
-4621
-23573
-18104
-8250
-9501
12145
26055
22997
408
-24234
17805
8443
-6536
-17166
-8383
-4797
-11335
-10107
22222
-1226
13822
-20728
-18577
22246
18817
14528
14634
-21948
16026
1982
24274
-18589
-6245
-24960
26131
-2657
-7935
-11376
-25328
-17680
-13199
-24095
-4894
-8725
-9433
27064
18455
-11013
19324
21318
-1516
-4146
-17254
-27793
27426
-10322
-19512
-19421
-13899
-25256
-6027
-25290
-15818
10044
-21400
-16963
-14880
-18580
-2386
21139
12252
-22538
-518
13865
-15366
-3472
3621
-27949
496
16818
-7132
-5889
11602
9388
2100
25311
-19757
18828
-21001
20037
-24533
6212
-13416
-25151
15643
-10792
759
12466
-3489
14256
-26641
7201
24465
-8379
4230
-2885
-18422
-25617
16791
7172
-5516
-9865
-27618
20036
8109
7596
-8382
-19913
-26472
2048
436
-4545
18850
-8077
-10771
-7438
25045
-12141
-17274
-1401
-18092
-27663
-785
15748
7724
4560
21403
-7736
-16586
-8927
1596
-27275
-20350
6956
27815
-23054
19482
-6632
6431
-13995
20085
22837
526
-4928
-13680
-8662
7665
-3456
-19004
-9091
-3613
10828
-18827
2786
2851
18223
-26473
404
-11604
-6334
-21933
-4679
23846
17232
-26422
5979
-27842
-10520
-17644
1910
-21896
25445
13872
3651
25321
-26046
-16550
27111
23845
27579
-7259
6053
-7451
24679
1229
5508
-8595
-2636
6590
-18556
-13397
11436
-10540
-6065
5183
-2409
23447
-21449
27545
27742
-11055
9824
445
-24941
11650
-7886
-18716
-9462
-11077
-19135
-5560
-26612
-7665
6219
-22703
-18992
8314
-13034
10839
-5972
17341
-2137
25620
-15935
-26695
21540
-24545
26994
-10500
20307
4727
1976
-13091
-1090
-7749
-3607
-21063
-8843
22291
27268
-24266
3468
14368
-4814
10400
27875
-13949
-2434
2878
-18878
-5402
-13711
-7545
5597
5181
4728
-22236
-25974
25274
-5158
6194
-7136
5532
-13302
-15781
4005
-4244
-12395
-4560
-25963
-19859
-17343
18647
-22733
-1596
26327
10141
-24984
7132
25503
-15824
14825
-2161
3136
18211
10690
-6385
15033
11207
6907
-13954
-24597
-23746
-19605
-12147
15526
4645
1268
-26536
14800
-16840
-21497
-3757
-9379
-3759
2055
22507
-9959
-14693
1134
10735
-16234
7963
-10251
9662
17104
15186
-18710
-17835
8184
-1678
-2436
20811
15547
18535
-23538
-13664
-5877
-16079
186
-8639
19786
6001
17680
7332
-693
-3707
5362
523
13281
-57
17872
24465
-15771
13267
4052
25680
4326
-23423
14866
21318
14132
22744
-23828
5415
11663
-8676
26125
21314
-2560
26033
-7565
-332
-13473
-26537
835
-18108
16540
-25678
26228
-3795
4820
-9529
-27409
-15872
-25705
-8622
-4865
23048
-25698
24409
-11064
-25322
-4820
-3378
-17804
13195
19100
17069
7790
2231
-6870
-24729
-20338
20109
-1914
-13420
-13693
22514
-4325
6142
12036
-5929
-23654
5973
-17303
-6978
17770
9107
22025
13287
-235
8494
-19992
-3346
-18857
23865
19229
4663
-8288
-20599
-12748
-20032
26649
-5428
-16916
7834
7025
7863
3494
2374
13459
27588
20397
-27563
-18372
13894
15591
-12656
-22730
-27318
14725
22167
-16718
24924
-7737
-11895
-21486
-19821
-9169
7012
-15000
18796
-15328
4252
-22380
8071
-25711
-4899
19018
20609
-10710
-2649
-18170
-20487
-14222
19717
24477
-27916
22793
1863
23451
7518
-11466
-26782
-12230
13051
-163
26845
-22448
6655
19400
1245
26094
7264
1458
-27534
1611
-10508
-27400
-2393
10258
-4196
13114
-14396
21220
9278
26408
21532
13929
19438
18603
-7507
-9980
2131
-20230
19528
-9354
-11174
-13374
-8816
-4295
25773
20093
27304
6417
-20938
-24707
3764
-24031
21845
24439
15784
6365
1540
-15629
-14849
-826
428
8306
19459
14898
21606
6062
7189
6485
-3001
-14155
38
8924
20815
4586
7011
-17478
7553
21978
16983
24753
-19632
-1762
1788
22514
25484
14106
-26283
-9036
-2839
-18165
5877
17528
-20261
-18214
-1316
-3520
19329
8111
17559
4386
-21923
11235
5184
2317
141
-21641
-2008
23742
-8213
13975
24569
-16743
-13122
-25994
-4173
-5256
-23551
-7535
16492
16877
21400
15487
-20167
-26590
-23567
-2290
14706
10430
-19320
15963
18154
-25036
13133
-16794
19683
-18736
-15980
-18156
-26537
-12250
14637
12167
-13185
-34
-27775
-19256
-7399
-1429
12752
22928
20992
-20465
260
10474
-11325
-25223
12998
-2581
-24608
6370
-24100
26523
-13683
14666
9545
-22681
23479
-13911
14759
4081
-3236
2961
-3207
-18289
-27248
-6536
-8836
3224
2393
14150
14385
11441
-1100
21540
-11754
-17351
-3683
-14495
26710
-11707
9097
3530
15903
24819
11112
-2667
-10709
-21870
9075
14393
6394
15884
17028
20913
-11589
5426
-22813
13837
15299
2208
-15048
20516
22233
11016
-20931
-2574
6863
-2711
5682
17712
-12378
-4877
1756
16577
-13577
1118
-19489
-14292
2903
-4313
26254
-13716
8128
-24881
-12070
24824
15027
94
-8833
26506
-13055
-15384
-19056
13803
-22847
25470
9618
-11416
9935
-23869
19815
-19865
-26925
-26172
-4998
-22936
-16570
-15074
70
-11262
-16499
-15814
-26212
10838
-26124
-18040
26494
11911
19101
-25209
15187
-10532
-23370
-23442
27540
-15682
-2413
-18792
15217
-2597
-20258
22619
-20836
-24342
-16714
-14500
-17622
-15348
6684
-13656
-9024
7719
6678
11091
27356
15823
-17271
20668
-4898
-17935
-4445
-3738
-15589
11915
-403
-14223
-3184
-20794
-648
10553
-9785
19020
-22338
-16502
6690
-16624
-11727
-22757
-16677
-20880
-15487
-22478
-21459
-953
15382
6639
4121
15342
1498
-139
14358
22752
23494
6010
-16129
1402
-14538
-9277
25021
1344
-1861
15612
16350
-25363
-23093
-2473
20660
13782
-2464
-6768
24755
-13099
-24300
17732
17215
18546
626
5695
26168
-19037
22639
-12831
-8622
20216
18103
10563
-2144
2803
15574
15394
847
-5073
14944
-23100
23989
-14297
-23391
-17256
-7967
21573
-3440
-1158
-27132
23059
-2545
-7427
2512
-16194
2524
-8691
-18946
5891
26710
-24625
12339
11833
-12657
22710
10805
-10753
1941
-23086
-16482
-22748
11341
23741
-27198
5357
687
-25630
24687
26280
-13123
15024
-24963
-960
22462
-3056
-3536
-5972
-26717
-1719
-26017
-16023
-26858
-4855
-2548
10919
-13942
23464
-3924
18075
25047
-27995
-4681
-19423
13990
26306
8036
23486
20225
1598
-26396
26182
17314
6742
16665
25874
9249
26967
-25317
-4195
-13484
-147
6547
20801
12664
-12143
26762
-24150
4619
21076
15310
27745
5739
-26331
-26120
18931
-12586
8488
4142
22105
-10075
20649
14662
18902
-7517
9597
-27845
-4382
10539
4635
-18146
5400
-32
-13054
-7437
24629
26551
17187
-13106
-19335
-13926
15431
21524
24489
-22119
437
-20877
6891
25362
-23043
-11342
18510
-17444
764
-18712
22892
-21143
-19874
-18659
21480
-18090
18968
8656
22123
-4364
23893
-26013
-27758
15089
25676
-26711
-27695
12343
-4783
-594
23082
-18666
817
-21109
15523
22171
-12409
-14164
14064
46
-13089
8262
-18871
-21829
-4554
30
3712
19658
-15012
23139
-6148
7815
-4148
-4409
11912
21205
10322
23528
-20028
-13385
20700
16719
10174
-23857
-14979
8321
-16598
-14260
-22416
-1006
-5386
-26199
-15554
-11460
-5668
14014
-23347
-14728
-7877
-13058
20374
-24564
-21014
-12780
14298
23740
-22730
22394
12367
16858
-23894
-4034
-22405
-16728
-13510
-23429
-20374
-16672
-11340
-26364
-12459
23095
-26765
-14386
-5968
13079
4661
-7297
22764
-14916
-27093
973
17479
-19880
-21829
23580
4287
16578
-16688
-7492
-2127
-16372
26418
25139
-15954
1187
-5234
4622
14723
-4287
27681
-18099
-4868
-2957
-13223
-13581
9391
-8407
-20696
1986
-11590
23453
19509
-6036
-18725
-26265
-14823
-13883
3991
24616
-14688
18380
-13593
20102
2399
-23760
-24562
-26641
-26649
15330
10398
11902
26693
2194
19150
-25153
-11732
-26240
24522
-2170
-16222
-4301
-14831
162
-26518
-24171
-15812
3351
-26570
16242
3485
24591
5754
-21485
-14059
2989
15416
9384
-4437
-20353
10437
-7517
-2075
-7309
-3256
-20345
-9397
-22392
24709
13124
-9331
14432
21503
19354
20915
347
-22792
-1002
5239
-3157
-18423
-8476
-9903
-15690
-19881
16094
14401
-18429
-12708
21863
-8804
-24085
25399
-27154
5905
2979
-18893
24218
-25781
12893
13025
-26786
-15848
15185
-25219
21934
-13845
12979
13009
3865
9364
8562
7948
7129
19998
4195
-6500
-22623
15926
23910
25483
20618
20527
10610
-17841
-10818
-22750
-19216
-7684
-22156
6672
15728
17748
-8834
6297
-6249
-20979
-4394
-23177
-10071
1733
-21255
22799
-20782
-24792
293
21427
7072
-18457
23237
-26541
-26255
-27399
12419
5973
27136
9545
-9542
-2445
-16501
-26686
-15175
-8190
23095
24351
9298
17300
-7061
-12140
7883
-22623
-4814
-26775
-8793
5342
-19438
-3461
-6221
26368
27499
-15525
27996
3592
-22421
-10089
13439
2344
-19039
-3851
-22584
17902
2861
13506
-27133
-17478
-7352
-21918
21493
-20529
-20940
13473
-2529
14026
22299
7129
-27402
4783
27366
-13222
4576
26492
-11565
52
-23404
7834
27327
-26893
-15864
-19601
19752
23694
9281
14951
4773
9753
9302
20313
11717
19851
18168
-10688
-22121
-20391
-8581
13526
-23774
-4628
20501
21949
-18689
176
15124
23656
-5231
-21682
12692
7913
-8328
-25221
-13182
-17916
11157
-15659
-10598
-5670
-19009
-12145
10804
-9293
-6972
-22950
6957
25734
-27019
22693
-16225
-21075
14045
14913
-23077
20551
7069
-11948
-23075
-167
-9025
-14645
21629
12525
-12555
-27908
17347
21968
-13392
-24337
18816
2169
-24980
-21702
-14352
-23818
1136
-15427
-17785
20391
27697
12559
-11298
27331
-15301
19389
1308
10801
163
17188
-1160
-25617
-7351
-4171
19604
-14185
3138
27721
-27220
27117
-9466
-14696
-4140
10705
23459
26075
-18168
5086
3599
-25933
24587
-69
22728
-21780
-19430
-14081
-26821
16192
-4800
5719
-7003
-14382
-26389
14385
8367
13354
-14193
-24594
26135
5856
-13386
25770
-20873
25235
-2806
5721
-5114
6731
24572
-13750
-24421
-9144
-1118
11541
2400
-20302
25844
19076
-26580
18480
6308
-12255
-9576
11191
-9783
6108
-16270
-16657
24942
2908
-18435
14620
-18614
16250
-13147
26495
1492
15416
-521
26601
-8465
-6550
-9803
-23240
-23217
27300
-17522
-14480
-17679
4757
1193
-4984
-15962
-25396
23747
13709
16862
26265
-16046
11414
5884
-22394
-10834
24110
-16015
-9277
9639
1104
19967
-23411
577
14375
-4792
-21969
-543
8468
-17418
-15340
9914
16641
12251
-9525
-18405
-13743
-8974
13588
-20281
11442
-12631
-20845
9844
23321
11606
-12130
-9776
12873
-26418
-20515
-20481
27778
5747
13767
12669
-13819
-4466
-5211
-1133
26927
-204
26522
23094
-11186
9509
-16249
-5185
26132
-1708
980
16588
-12733
-26840
17359
23356
10335
16336
-3610
22723
-14210
-14355
-20866
-24097
-21958
19980
-11777
-9247
-5655
-24740
-25988
17393
7838
-13669
-2639
10138
-4177
-25596
-25898
-22157
3899
4444
-26323
-20639
14673
-1992
-7352
-17323
27868
7359
-4853
-2724
-25905
5797
-15019
3338
15131
22653
21645
15483
22310
13962
-21841
-10848
25557
-4087
12052
-25078
-6625
-23274
2793
22851
-9166
-18465
23884
14295
-10356
21369
22591
-23315
-27227
-20793
13632
10912
-2723
5980
18248
4520
-23026
-2850
-17083
-7241
10121
10449
-22659
10950
14096
14430
8931
-13162
-19573
13567
-17377
15965
-22043
-276
-12481
-20140
18549
5136
-11046
10223
10403
-20429
-23196
-940
-1910
5114
-1298
-6621
5660
15426
23496
13512
-6582
-13981
25231
19618
8803
648
14403
10229
-12705
11215
9984
-24826
13997
-23751
23761
-16355
-10032
9026
25376
27665
-4210
-19623
27078
-27896
12201
26870
-12618
5535
9301
7783
15582
-26821
23620
-13126
10673
-2930
-6678
6378
4127
-20895
-8403
-25022
460
-3993
15277
2739
27536
-17901
-14567
5574
-7094
-23493
-9292
-11235
5819
17716
24935
-14403
-5584
-19271
-26912
24196
8867
15764
403
24902
11282
18895
2431
17813
-3544
-15166
16092
-14528
5602
19542
13213
11088
-20596
-22089
-2471
20768
-7771
4165
25223
-11458
-22326
14979
5442
12277
21304
-16457
19191
-18740
7992
-14911
-27573
-11180
-14986
12831
3246
-4958
-8766
-9504
-27166
12582
868
21726
27284
-24356
-27820
-24063
-15892
-6593
-25875
-3680
13459
-15244
12102
-1474
19526
21804
-27953
-14298
13775
-21672
26299
-18427
-15158
22032
2914
14845
-8924
4197
-5980
-12558
2417
-8133
-3588
-27086
17355
-22675
7110
-3858
-10460
2840
23162
-19205
-14795
11167
-5051
295
-21624
15704
14702
-16188
-12653
9581
-16069
-2821
-17901
-1666
-10971
8825
-6725
-22786
-605
-27094
17640
-3794
26798
3270
10181
12672
-26478
-1440
-9096
26965
27349
16067
-9477
-8052
-11008
71
-15407
18163
18032
23433
-27645
23491
-1584
-5215
12534
26080
12870
19740
22677
21867
14311
5283
15321
22680
-5756
-7892
13026
-15788
-23902
-20120
-671
-9222
13646
11100
-14533
21701
13590
-9469
-4515
-17604
1138
-13061
6668
25844
-14720
-10091
8868
2807
25470
-5222
-7362
-22274
15896
21716
-4742
21788
-11463
-14106
8994
-3797
23683
-4729
-7030
-19080
17847
2502
27253
27163
19315
27632
19023
10346
11928
-26054
2401
10925
12923
-20291
-23192
-14552
9566
2094
3815
26826
719
-4042
-5464
-3812
20026
20949
1573
-2472
-19350
-25361
17414
2131
-7943
-2821
16861
-20611
24261
-8146
-25093
7546
-15279
-12169
16497
-22510
-6782
-23118
-4569
23318
8566
12717
-18353
-21368
26926
26760
24694
-5378
-13936
-1277
-14964
17925
161
-7643
-23661
-25122
17325
-10596
10359
-19725
5327
1273
-16690
-10532
15279
-10875
2266
-15243
13072
23790
-18223
-3131
-850
20250
-10275
-4891
6324
6714
498
17073
3132
-8413
-25756
25967
12309
-4049
18145
11645
2886
24616
18075
-14883
25024
23124
-13585
-19009
-5906
-20185
-23313
19097
11236
-11818
-2805
25159
-24882
-27903
-22418
21355
11593
25107
6451
-24126
-18344
-12007
27271
-10904
-5048
-10800
-736
-24614
19729
-7113
-12828
26786
-15525
11576
-23662
15239
-19556
-15312
-16108
-20000
18171
-2763
6405
16475
-7886
-10530
2404
13560
1926
4711
-725
-8193
-19749
19746
27694
4994
11289
21015
-14422
-4885
-19247
18356
-576
27633
-8563
23229
-4617
-4615
-8871
-16106
18051
5298
5705
-20540
-27847
20374
-18843
22627
26959
-27551
1272
-21228
-23122
-9731
-3258
27810
5757
3590
10007
-14173
21242
-17508
5551
-5852
23709
20311
8958
-26262
-504
7166
-5022
-25920
-13086
25946
-13127
4448
24242
3072
-12328
4325
-21605
-24868
-1757
-15577
1074
-3844
-1950
6911
4444
-3496
-17174
25952
-6118
11773
7963
-20894
9923
12270
18783
5274
16539
18591
-7187
-27731
-5188
-23798
4736
-12861
4505
-27976
-15913
-2242
23384
8020
-17245
1408
19640
-24988
6205
17825
22616
-23729
22733
-1112
18159
-8695
-20677
-4121
-26003
-300
-14442
9866
17959
9476
-26570
-16947
-22105
8034
-16980
23599
27799
5243
-15293
23849
-23258
-23582
16814
-18009
-9079
14919
6553
23888
4385
11843
6458
15976
-7598
3634
21159
7880
23521
573
24783
-7519
-6373
10253
-7237
8251
21287
2252
2010
-14985
-9303
-26999
14634
-21597
16346
14295
-20655
-22405
15278
2451
4634
25186
1016
3578
23134
4540
911
17099
6308
3226
803
-1754
12267
4669
-5956
8078
-27537
-25958
-26996
12852
-10577
-6933
7463
-16831
-26292
13560
21354
-20911
-3804
18324
-25911
3398
21830
15995
-17620
-14384
-4708
18108
-19702
-316
17007
-6242
-15425
8888
7362
20636
18806
27972
-3360
4566
-7131
19530
-10219
-10926
-3954
-9603
-6009
7662
-11182
-24836
24927
-3402
176
21469
-22573
-2362
-20103
25653
-7390
19748
24342
10112
-3369
-10609
-12853
25477
6849
6910
2828
-27162
-15916
-15298
-7735
-3248
27520
-27088
9056
23442
-14906
-1344
9786
26052
-21642
25066
-20433
-5470
20259
3689
-15609
-18452
-9307
19634
14030
354
24819
8534
-22679
21419
-20798
11094
-141
-14302
-9125
12144
8100
-1216
-7006
4177
-15028
-25944
-16521
-13496
11724
16895
16894
-26971
26783
14167
-19382
27288
9567
-1799
-25796
-13896
22473
-15264
7639
-3650
25527
5111
12118
-10884
-27819
3293
27337
23851
-14060
-26816
15663
-1708
-295
20615
21292
11025
23361
-8567
-6698
541
17847
-5798
-19642
24037
12817
6904
-16727
26234
-13332
24284
-16235
15149
7771
26526
9655
-1585
4489
-9652
22248
19538
-15589
-4219
-6973
-24288
12413
9950
-7665
27078
15130
18338
-24673
795
9432
15459
-2898
14204
-3573
3319
-1085
-12963
5029
-22949
1357
-11150
-4285
-934
23566
26248
-10185
-9197
-27980
24963
17919
-19301
-10107
4821
6869
-2770
-19829
-25404
-3108
-1011
5754
-20332
-4945
-25183
-20193
12527
8256
1119
7156
-10518
-12267
22712
3127
-8246
4556
-4508
6309
-8909
19517
4920
-26527
-7625
-8785
-5345
-22577
-5587
-13850
-19649
14695
14152
19169
-14060
-10323
10671
18575
-22073
5695
-6402
-8708
27235
14811
-23883
16275
2844
-15041
-15008
18249
18000
-24845
-3334
4108
-25889
17583
20828
3446
14359
23557
-23433
-14590
-6106
-14802
2399
3324
26107
-14287
-197
-26972
23738
3691
-15939
-14298
-10758
-20548
8326
-3226
-24901
3105
-17934
10700
-17898
15988
21229
9779
-436
5526
16286
4020
-27391
9161
-25342
-4225
2363
21314
-3191
-9292
10724
-22628
-22797
1094
-406
25171
97
-26867
19168
-11190
-16171
18899
4688
-26963
7283
-21287
-9189
1439
-9720
25992
24649
19449
-25738
-27658
-2711
7502
-9785
-22586
-12441
-7056
5919
-24253
5742
-8512
3739
13840
-18177
-11230
-675
22726
20134
-1517
24370
-4425
24365
20850
-19577
-15962
16283
-7543
12933
13058
-20527
-23802
18540
6814
16723
-25419
-12957
7037
-16272
18577
3386
16416
-14653
8826
-2596
-13441
-18052
25478
2546
9510
27041
4388
26247
13283
23251
-7313
-24139
-16369
11871
10
-11990
-20707
-8953
-12805
-17489
-1784
26951
-6929
11742
26247
12408
18437
2672
6101
-4342
-23786
-3464
-25524
-24481
6708
-9539
-13661
-21759
-27663
27852
-3107
-1219
23054
3820
5385
24946
-5652
-22200
6
-1192
9607
9095
4039
16208
-8056
-10602
-8827
22068
17190
893
2749
-10974
-5339
-27069
544
24387
20126
-578
14687
17180
-15989
-18362
19586
-27874
13322
24702
-18468
-14163
-18455
13799
20763
14676
-21767
-2689
-4071
-15934
24081
-2977
-4923
27041
-26884
-10285
-7324
-3433
13288
-1000
-13406
-6254
1815
27531
25896
-4945
22535
-9149
-5474
-6604
16483
-16701
-22301
4796
-14370
5469
25896
27881
2008
27285
1498
22146
17131
-22801
973
14447
-13759
-9238
18009
-7893
-9400
-18974
-10252
-11152
2563
27760
3197
5477
-11824
-2979
27476
7049
-22568
24510
-19263
-20275
5931
279
-4768
-6460
20037
16458
-16342
-16128
-3227
-10427
-21836
-6422
1508
259
-5299
-8908
-19868
2215
-7285
27814
-23452
15114
10157
17524
8492
4376
-4588
9527
-21280
12718
-16468
22906
13968
-25896
5529
-1980
11401
-22729
387
-19292
-2004
-6956
20021
12992
8812
14387
-21971
-13022
685
-18868
17181
19230
11194
13403
17621
5571
18570
-18697
19726
22029
-11711
5862
15246
8020
18890
26873
26078
-10315
10716
25443
-22138
-10525
-20858
12079
-21114
24676
-16580
-13675
-19371
26666
17026
-583
-3113
6467
12962
-14674
-15571
22327
18465
12197
14553
22703
-5190
5898
17013
11184
3025
-10755
6253
-2513
-27948
-13649
24733
13043
22371
-22303
-22935
10365
25651
-24984
2334
8694
-21086
2458
-14256
-11271
5521
4519
-23156
-4474
-24658
9194
-14642
4130
-5831
11694
-5408
-13631
-11097
-15568
-6776
16027
-27384
4915
-11307
-742
21061
-9345
-25637
17846
-6254
26938
25424
27539
-25284
21801
7099
17975
18568
14136
-26015
-15871
-19954
-18703
20985
-23689
-8592
109
13431
12739
4553
19655
554
-3799
9911
6719
-8735
15096
-12557
20715
-24295
17211
-27659
-3441
-15523
-24399
-10367
-26999
-22052
8283
-18762
-23821
-15116
-5845
-21060
-11206
-14309
-13705
-9960
-1733
-13107
-11541
11672
7466
-10258
6765
-1911
-17147
-2630
-20211
8905
18692
-17712
-10757
-6244
27548
4507
-2044
24853
6531
-1566
-13369
20686
-21869
17215
23075
-10772
26663
-16439
-13454
23509
-8559
-15093
21854
25633
18601
-6192
-1308
4452
-15416
419
9919
-1179
18537
13493
36
-19436
5013
-2890
-24598
18679
8095
-14224
18667
23795
-13684
15196
15881
19648
11329
-10985
-13497
7897
26928
18151
10399
25011
-25500
15945
17145
-14671
4002
17233
22533
-5782
25988
-26252
25075
-6406
-15209
24508
17278
21727
19285
10876
-23501
21886
-21274
7892
-16355
-2852
-17018
-27378
15620
1459
17098
15366
-7228
-1528
-24587
-13447
17583
18104
27037
13300
-14750
-6526
-21043
1788
-10463
-13133
-246
7564
-2157
-9182
-20817
-6652
-10007
13541
5659
-13848
-5892
3043
5332
25632
8305
4162
26723
16467
18479
-2635
-19359
13241
-6345
19701
-7211
-17995
-17563
-14574
-3425
24570
25741
22583
-3537
-27558
-18299
20055
-14072
263
8680
-27249
2732
-12888
-2707
-21570
11686
-12296
-4230
-24715
-2590
6869
-23415
-2202
14529
-12540
14508
-27129
-6038
14905
16227
19281
-5488
4242
-7864
-101
-19427
2928
-25713
-25266
-10118
9544
-14490
-17673
-18884
22766
15981
-7976
-7752
-15877
-4117
463
-9244
-15702
-4346
-7148
-2473
12027
-2331
-4371
19423
26722
25211
628
25310
-16587
21871
-700
-967
-2621
334
-14788
-422
174
-17600
-27522
-6390
-11784
25971
5607
-19062
-3276
-19262
-2289
-20780
21279
6295
-27692
2107
21727
5846
-19957
5251
23555
10469
20365
-14865
27702
-16975
-24809
-11801
-6084
9934
-22894
7091
-21051
-23026
-13960
16918
-6629
-17929
10794
15124
-22368
6354
3625
-2630
-24449
903
13904
1107
14645
-26432
27083
-24775
4965
18896
-1454
9985
2829
-9731
-9237
9077
25901
10698
236
-11531
7992
10388
-1677
18188
19253
-8031
-9797
20772
22465
17860
-2265
-9546
-7568
21447
-1382
789
17966
12171
11973
-14998
8270
-23927
16052
6
11259
-7426
-13090
-27496
-15720
-23964
-11110
27785
3223
-7019
-17002
-25580
-20262
10709
23520
20726
16374
22709
-3546
126
-2191
-27774
-19796
-21656
-3995
-10899
13226
-7008
24812
22212
20844
-19596
7619
647
-20382
-13875
-27493
-3858
-14592
-11621
26257
-19079
-19387
2883
-549
5992
-14364
16827
-11737
-10446
-24613
12154
-6649
-9713
6106
15779
22233
18203
-2358
21592
11860
15627
5575
17750
-22624
27283
3223
-15509
18534
-13280
19286
-22616
-21368
-16299
-4003
23506
23879
-27757
-25808
-14476
-23142
-23442
2399
-14905
-8540
10134
11756
18401
-553
27638
-12688
-22191
-22596
3951
21989
-25209
18632
20001
-26136
-10190
45
-5357
-18805
-25717
298
-10730
-2941
-6458
-27413
-8232
10652
18381
409
25530
-11173
27672
4156
24072
-16020
9912
11476
15989
-14419
-5938
21100
5891
-18027
-11760
4041
-11128
5955
462
9888
-9034
12522
20291
17981
-4781
20332
-26882
24250
26347
24644
-25472
1265
14408
-12624
13932
-15066
13326
4061
-20746
-1682
-12227
-16473
11923
13971
238
4368
1847
25097
10667
-15905
4601
20684
-17424
-11390
-3440
7853
-10269
11822
-15366
10805
21835
-27184
13274
26957
-15708
-15242
16126
-12664
18152
-15960
17373
22262
-27369
-20406
5184
9837
5336
2137
9681
21374
18496
13896
-10397
6700
16967
27984
25943
18903
-18141
20641
-849
12066
7847
7699
1251
17143
4468
-16914
-1242
25236
-4934
-23592
-25197
-21417
1698
13424
-20782
-24345
-12889
14840
-3414
-9975
21202
9039
13275
-21177
-5494
12038
-11231
9240
-4764
9845
-11288
-27007
-19373
4686
-11824
16426
10188
9376
-8905
-17617
-20457
-25854
24380
21198
1076
23417
-10732
-828
-20590
2603
22330
20425
7174
10183
-7686
22744
-1520
-6287
-3886
11165
-24289
14889
7513
-4051
3046
23165
-19769
1972
8579
-5821
10429
10970
-12706
12695
21658
-11722
14429
15011
25143
-8242
-27197
-18403
-9830
3914
-11927
-24596
20620
21949
13640
-11134
-23771
12611
10162
24863
-9973
4507
-19456
16265
21132
873
-26997
25528
17675
10602
2450
-17214
18633
-10875
-11731
4181
9300
-6656
4473
-13078
-18942
-10224
8994
-22484
26089
24175
-17186
-20954
21734
27907
-12675
-21949
26960
16419
8662
24545
-7108
24253
-21111
11591
26537
-23018
-1019
-21882
-17720
2273
10974
-4576
13268
5893
-2752
27522
7639
-24234
-13598
-10025
-12175
-17503
-1248
14216
-16934
-16567
21415
4982
-1495
-5982
-27538
-6382
-23466
-20963
4472
12586
-18154
11619
16065
-12906
16265
23518
5307
-12714
20726
-16206
-19942
5742
-14774
11915
-24272
-13731
-18341
-845
15438
-13583
18287
-12914
-26735
-13278
-12705
-26103
22054
-11524
27527
16759
-22885
1907
21296
-10584
2828
27833
-2320
-13290
-16469
22889
10551
12782
-6971
20727
-21496
9684
-27357
2632
1578
19851
-5384
6647
-1547
20971
26372
5570
27597
17552
15711
-7176
-848
-23966
-17316
20171
-25209
-6001
15131
27957
-2505
-15560
-13078
-7739
20781
-11205
303
14944
-21144
20226
-13024
-2985
12037
14360
7729
-13834
-8556
-13323
26093
-1974
19029
-7484
23995
-21139
1495
942
-7928
-1167
18496
11855
-23867
5825
16862
14252
25921
8768
23425
24312
13904
24046
-27121
-8469
-18444
24835
16454
20556
7420
-25954
-2499
4175
-18027
-18893
8733
-12026
-26747
6664
11840
18864
14657
-24044
6705
-11264
-4158
22842
7535
6465
6744
-24738
-12956
25890
18558
-11461
11089
22782
21277
-4894
-13328
10485
334
-6443
-20969
16064
-25718
19672
-478
21953
-17033
-25227
-13004
-12939
-7024
-14635
7994
-27818
-12171
7564
1194
18291
22455
-1552
4614
17237
-8526
20043
5713
-24836
6721
6474
-8118
-27194
9559
-27122
-2476
-19622
-27644
15629
25038
4392
-24322
27384
9405
-2312
270
-10374
-27819
-5250
-17344
10998
6249
-16097
25461
-12685
20918
3237
23609
-22191
-18910
-11239
-1041
-11119
6540
-5615
8916
-16680
-16541
-13217
-24084
-1026
-19181
-6177
-26565
-8150
-19070
-23801
26160
6013
6407
18789
2221
-17636
-25279
20404
16419
-27332
973
12338
-6175
-24357
25584
-19669
-11409
-23559
-1790
15862
7794
-14107
-25396
15533
-11402
19291
11187
-12926
-2264
-2867
-13991
-3090
-17386
15376
24552
14958
-15377
-5099
25331
-12049
-9409
-19403
-548
1097
-13476
-369
21506
1834
-20129
-15994
13472
-10881
26124
23141
-11041
2558
19709
24936
19508
14667
-16323
7560
16092
-7027
-18253
-22019
-18862
-25221
-12616
24048
-16940
14014
-21165
17787
-12747
6574
25095
3787
-11395
-8645
16795
-7159
-4340
-21430
351
25575
-24799
-20600
-27301
13313
-12141
27642
-22982
130
-25100
-8632
-23375
122
2967
27246
7351
1853
10660
-16629
5032
-14214
-9383
13301
9267
13247
-487
-17450
-25014
2820
-2938
-15537
-12471
-19438
9987
11722
17503
-23991
18646
-21993
-25461
-9776
-10482
23331
-5984
16210
13401
20548
13386
2061
-4281
-12153
-24894
11059
24602
985
-5954
13741
22081
18005
-19465
3489
23443
3853
17035
26685
2420
-6226
15860
27603
-4874
17452
2616
2832
-6782
7586
25122
16921
26548
-13678
426
10035
482
-26743
18511
-21509
15124
13563
-21007
-14971
21601
14815
2450
19393
15818
-11096
16476
-6604
18067
27944
19048
-20270
5669
25713
-9356
2415
-20715
20720
25851
17971
5870
-6634
3542
-9836
25416
-14322
15389
-6682
-9903
9987
2133
-15220
12795
7442
-2427
-24180
-13121
3885
-17920
15192
-26383
-8495
25067
21256
9724
-17353
-1969
16711
-25174
-19054
26241
-4680
-21506
-13381
17527
-8489
-22267
-9735
-17
3881
-8696
-27833
-24543
21844
-14568
4197
6109
-12153
19119
11807
-12205
-17370
-4444
-25249
11596
584
16235
17072
-27586
-7753
14364
-19690
14355
-16609
-16764
16874
-7925
-27353
9546
425
-2193
19795
10983
-14553
-6015
21805
10215
-19393
1511
15870
19784
8404
17944
23771
3994
23540
16886
-7434
14352
-7736
3342
27589
-10857
6109
25253
-3839
4212
15569
5606
14034
-15862
1747
-11481
10309
4413
13857
27677
4211
26001
24271
9654
-18404
-21453
-24039
26734
-27961
-15871
-20568
-19350
-15730
-7379
4286
27729
-19598
15626
3907
7926
23790
14607
-10738
-18924
-23339
1489
4085
-7895
-21872
1556
1742
9926
15508
-8501
-12654
-19380
-3075
4572
-1695
13965
16053
-20991
-20018
-22074
22593
5294
14421
-10474
18704
-8565
24150
-7198
14857
-15938
-9359
-397
16158
5202
16021
-4264
-2487
16897
-11472
-8667
6344
9933
-13905
-22499
-667
-6883
-9912
-24472
-1569
-19884
-2827
15718
-11156
3167
15682
-6587
-9383
-10072
-4735
16265
-14214
9305
19605
-25197
-23390
18706
-9977
-854
-15239
-26385
5262
14389
-9833
12223
-26847
-17665
11524
20725
-10971
-5082
-24322
9838
-26601
3406
10011
22444
-20066
-10316
-16860
-123
-7211
-11774
6220
-6627
-7742
12685
22404
-17779
-2710
16229
-14086
-24823
15505
26855
4577
24349
1536
7213
1086
-16560
26413
4817
-23416
-18878
-10572
-24650
-22641
-9841
-9340
-12841
-26091
-11230
-4456
8759
-6318
3846
-2623
9174
-14176
5342
-23969
-25548
15494
10950
1221
2440
-5084
-24812
-7606
8744
20402
-16063
7209
-13159
-18073
4979
5169
-4061
-10931
21221
-10724
23643
-7388
-23902
21773
338
-5243
3401
14505
26076
-25211
2712
-21861
12464
-675
10661
18409
18488
-622
7497
-22545
-22556
-22507
15797
-25195
17310
12225
-18901
15358
-420
9795
1553
-16983
-16671
24956
-7134
2833
-22148
27366
-8005
-12408
-27035
-18209
-20358
15013
17232
-10867
27521
23031
1339
8845
-8345
-626
-21712
2523
8480
-7961
2819
-9396
15634
5737
18168
4287
6555
24461
-11604
-24593
11494
5598
9222
27799
-20611
23546
-664
23632
24934
24024
-15937
-9445
12940
-8958
14945
-15896
-16276
7725
-25373
-7336
-15075
11819
-24700
21831
-9415
5218
-10411
17133
23960
-14309
23316
6450
9864
8641
13617
2486
-12421
26504
13143
-9736
-2373
-9747
-27033
19031
21448
-1218
26890
-9024
-10584
-1977
22090
21537
-20083
9543
-6867
18075
7255
8438
-3355
-19783
24581
-15796
-2912
-21753
-6257
-3517
-24624
-6627
17545
-11773
-15288
20638
16420
17997
-13611
24845
12881
3076
17380
-1627
25045
756
-4360
11130
7642
-24944
-27628
-9369
-13523
-2002
10210
665
27678
15897
3517
19871
-24902
-18444
-24699
21229
4593
-17589
-20415
22872
19711
26009
27534
7891
-26186
19911
-8038
14432
-25149
-14420
1988
8797
9614
5849
-7988
-19701
7523
-276
-17249
23880
12284
-13062
-9292
-21892
9372
18856
-24041
8489
19255
13123
8212
5455
-27090
-6641
-26159
-26668
-21086
1277
-3539
-8674
18417
-19433
-21601
6921
-7148
2984
-4629
-17308
-22579
-21051
17952
-15098
-18955
23860
10420
-14549
-20145
-14858
-24193
-24775
19730
-13887
-5356
26112
11257
-17118
8070
18642
27810
-23269
6220
-23800
-8675
13221
2000
-1644
25891
14174
12181
18478
-12472
13849
15578
16840
-4157
17818
3418
-13500
6504
-18681
12698
-4980
-14292
-9270
-407
-445
-23170
6853
2907
5593
8514
-3368
-9157
-9604
10667
12169
6728
27647
15227
-698
-26771
-13977
6005
22392
7347
3354
1543
22492
-27797
8120
-8593
-21928
27940
-21207
4322
-11173
11095
27639
-24221
2482
1236
-1669
17251
22125
4916
5679
10294
8991
27055
-4082
-9583
18698
5428
7615
18573
2998
-25135
-13618
-2239
-22155
-15031
-5301
8266
24884
2885
-23157
-11201
1881
-23793
-15578
-13617
-16203
7203
-10001
12356
18688
-12700
296
-1748
-15545
-14566
17029
-10671
-27572
-17015
6177
5048
-21076
352
-14560
21439
-13585
17511
-1542
18973
-17273
14974
14478
17207
-5412
-26480
22367
-2738
-25257
-25097
-20053
-8170
-25310
26917
-18580
-26962
-1250
21613
-8545
25230
25493
18458
2584
26154
-2130
13643
14685
13029
-1862
-17349
-258
954
21487
-10724
22978
1708
-9750
16108
-2403
24952
9821
18456
-18384
-23402
-8407
-17657
21520
-3301
-17991
26013
-7336
24693
24888
18525
-12662
25443
15087
25855
10688
-3820
1695
-2241
27725
-14238
15130
-26638
12626
-20664
-24574
7180
4758
-8385
-22942
-291
-8775
-14420
8783
-7502
15773
-22901
12580
27358
23251
-8677
-14049
-22720
4611
564
-4075
-13027
23716
7724
-9755
12225
22445
-27627
13577
1121
21662
5517
8308
23886
-8121
-12080
-17627
-6850
4044
19744
13158
-17997
16009
-6085
24006
24471
-8510
-9375
25954
12177
-2416
-9398
-8517
14073
18665
-4101
-27341
17864
-23805
-10068
9030
-19856
12087
-20822
-9040
-14716
23510
2779
23909
-2392
-984
-13470
19942
-17243
-22504
-21859
-6418
-24981
-8419
3411
5359
15059
-27299
-12973
22216
-3169
11323
-3875
-13187
19384
14727
20490
227
-14993
-10093
-7539
8206
17054
-14735
-22435
-9170
3164
25876
2343
-23089
-11522
5600
-23358
11445
-21679
-20724
21089
16082
-21642
23502
-20296
5685
-1660
14366
23121
20604
6050
-13454
-15902
-14250
-14212
-12303
-11677
24577
-10786
-6988
15216
9823
2433
26103
-7153
-19294
2905
-17339
-5920
7647
-15919
-26706
-17721
22040
15716
10182
19153
-944
19112
-3986
16468
27996
-6426
23858
16186
1002
13172
20255
6622
14098
9942
-11841
9324
-8038
9227
17343
-18774
-16411
