-586744
-27995
-27980
-27976
-27972
-27961
-27953
-27949
-27948
-27945
-27932
-27922
-27917
-27916
-27908
-27903
-27896
-27890
-27877
-27874
-27860
-27855
-27849
-27848
-27847
-27845
-27842
-27833
-27833
-27832
-27820
-27819
-27819
-27818
-27799
-27798
-27797
-27793
-27784
-27783
-27775
-27774
-27768
-27758
-27757
-27754
-27738
-27737
-27731
-27716
-27716
-27695
-27692
-27684
-27682
-27669
-27663
-27663
-27659
-27658
-27645
-27645
-27645
-27644
-27631
-27629
-27628
-27628
-27627
-27625
-27625
-27618
-27615
-27615
-27603
-27586
-27573
-27573
-27572
-27563
-27558
-27558
-27551
-27546
-27543
-27539
-27538
-27537
-27535
-27534
-27522
-27513
-27510
-27508
-27501
-27496
-27493
-27493
-27488
-27436
-27436
-27428
-27424
-27413
-27409
-27404
-27402
-27400
-27399
-27391
-27390
-27384
-27378
-27375
-27374
-27373
-27373
-27369
-27357
-27353
-27350
-27346
-27344
-27341
-27341
-27332
-27326
-27325
-27318
-27313
-27302
-27301
-27301
-27299
-27275
-27272
-27268
-27265
-27252
-27249
-27248
-27246
-27245
-27233
-27231
-27227
-27220
-27198
-27197
-27194
-27184
-27171
-27166
-27162
-27162
-27157
-27154
-27133
-27132
-27129
-27126
-27125
-27122
-27121
-27100
-27094
-27093
-27090
-27088
-27086
-27083
-27080
-27072
-27069
-27066
-27062
-27055
-27051
-27035
-27033
-27030
-27028
-27027
-27026
-27023
-27019
-27013
-27009
-27007
-27000
-26999
-26999
-26997
-26996
-26995
-26980
-26972
-26971
-26963
-26962
-26939
-26933
-26930
-26925
-26922
-26912
-26912
-26906
-26893
-26888
-26888
-26884
-26882
-26878
-26877
-26872
-26867
-26863
-26858
-26847
-26840
-26831
-26821
-26821
-26820
-26816
-26805
-26803
-26802
-26797
-26796
-26794
-26792
-26786
-26783
-26782
-26775
-26771
-26766
-26765
-26750
-26749
-26747
-26743
-26740
-26735
-26720
-26717
-26711
-26709
-26706
-26703
-26698
-26695
-26686
-26685
-26668
-26668
-26664
-26657
-26656
-26652
-26649
-26647
-26641
-26641
-26638
-26614
-26612
-26601
-26595
-26590
-26584
-26583
-26580
-26570
-26570
-26566
-26565
-26565
-26559
-26541
-26537
-26537
-26536
-26529
-26528
-26527
-26524
-26522
-26521
-26518
-26509
-26508
-26504
-26499
-26493
-26485
-26480
-26478
-26478
-26474
-26473
-26472
-26467
-26463
-26461
-26444
-26440
-26439
-26432
-26425
-26422
-26418
-26416
-26405
-26403
-26396
-26391
-26390
-26389
-26385
-26383
-26369
-26364
-26350
-26341
-26331
-26328
-26323
-26292
-26283
-26274
-26265
-26262
-26255
-26252
-26250
-26246
-26240
-26238
-26229
-26214
-26212
-26202
-26199
-26194
-26188
-26186
-26172
-26159
-26158
-26144
-26142
-26136
-26126
-26124
-26120
-26120
-26103
-26091
-26076
-26072
-26069
-26058
-26054
-26046
-26037
-26036
-26035
-26017
-26015
-26013
-26003
-25996
-25994
-25988
-25982
-25974
-25972
-25963
-25958
-25956
-25954
-25954
-25946
-25944
-25943
-25933
-25931
-25923
-25920
-25911
-25905
-25903
-25898
-25896
-25890
-25889
-25881
-25875
-25867
-25866
-25856
-25854
-25808
-25805
-25796
-25781
-25767
-25763
-25759
-25756
-25755
-25754
-25745
-25738
-25727
-25722
-25718
-25717
-25717
-25713
-25711
-25705
-25701
-25700
-25698
-25695
-25684
-25678
-25665
-25654
-25637
-25630
-25619
-25617
-25617
-25616
-25601
-25596
-25583
-25580
-25568
-25567
-25562
-25548
-25544
-25544
-25539
-25529
-25524
-25523
-25523
-25520
-25507
-25507
-25500
-25490
-25486
-25482
-25474
-25473
-25472
-25461
-25451
-25450
-25450
-25438
-25436
-25427
-25424
-25421
-25419
-25418
-25415
-25404
-25396
-25396
-25395
-25388
-25375
-25373
-25363
-25361
-25355
-25347
-25342
-25342
-25329
-25328
-25322
-25317
-25314
-25314
-25310
-25303
-25297
-25290
-25285
-25284
-25283
-25279
-25279
-25266
-25263
-25257
-25256
-25255
-25250
-25249
-25230
-25227
-25223
-25222
-25221
-25221
-25219
-25211
-25209
-25209
-25209
-25208
-25199
-25197
-25197
-25195
-25193
-25189
-25183
-25180
-25174
-25153
-25151
-25149
-25143
-25135
-25132
-25124
-25122
-25115
-25107
-25105
-25100
-25098
-25098
-25097
-25093
-25084
-25078
-25055
-25036
-25035
-25022
-25014
-25002
-24991
-24988
-24984
-24984
-24981
-24980
-24964
-24963
-24960
-24955
-24948
-24947
-24944
-24941
-24939
-24936
-24920
-24910
-24907
-24902
-24901
-24897
-24894
-24882
-24881
-24868
-24865
-24858
-24853
-24850
-24845
-24836
-24836
-24834
-24826
-24826
-24823
-24821
-24812
-24809
-24808
-24807
-24800
-24799
-24796
-24792
-24778
-24775
-24775
-24764
-24754
-24740
-24738
-24731
-24731
-24729
-24715
-24707
-24700
-24699
-24681
-24673
-24669
-24664
-24663
-24662
-24661
-24658
-24650
-24646
-24629
-24626
-24625
-24624
-24620
-24614
-24613
-24613
-24608
-24607
-24606
-24598
-24597
-24596
-24594
-24593
-24591
-24587
-24587
-24587
-24587
-24583
-24574
-24564
-24564
-24563
-24562
-24557
-24557
-24553
-24551
-24545
-24543
-24539
-24533
-24531
-24525
-24524
-24521
-24515
-24505
-24500
-24499
-24487
-24481
-24472
-24468
-24466
-24449
-24443
-24432
-24430
-24427
-24421
-24417
-24415
-24409
-24409
-24399
-24388
-24382
-24378
-24358
-24357
-24356
-24352
-24346
-24345
-24343
-24342
-24337
-24322
-24322
-24318
-24313
-24300
-24295
-24289
-24288
-24272
-24266
-24253
-24241
-24241
-24237
-24237
-24234
-24234
-24221
-24211
-24193
-24180
-24171
-24168
-24150
-24146
-24145
-24141
-24139
-24139
-24139
-24139
-24126
-24126
-24119
-24117
-24116
-24112
-24102
-24100
-24097
-24096
-24095
-24093
-24092
-24085
-24084
-24063
-24057
-24044
-24042
-24041
-24040
-24039
-24031
-24010
-23997
-23991
-23969
-23966
-23964
-23946
-23936
-23929
-23927
-23902
-23902
-23894
-23883
-23869
-23868
-23867
-23861
-23857
-23829
-23828
-23821
-23818
-23805
-23803
-23802
-23801
-23800
-23798
-23793
-23791
-23786
-23784
-23783
-23778
-23775
-23774
-23771
-23760
-23760
-23760
-23758
-23751
-23746
-23746
-23729
-23703
-23697
-23689
-23685
-23666
-23663
-23662
-23661
-23660
-23659
-23655
-23654
-23641
-23639
-23638
-23605
-23593
-23592
-23586
-23582
-23580
-23573
-23572
-23568
-23567
-23559
-23558
-23553
-23551
-23538
-23533
-23525
-23520
-23503
-23501
-23493
-23484
-23477
-23473
-23471
-23466
-23466
-23459
-23452
-23452
-23451
-23442
-23442
-23433
-23429
-23423
-23416
-23415
-23411
-23404
-23404
-23402
-23395
-23391
-23390
-23384
-23381
-23375
-23370
-23358
-23347
-23341
-23339
-23338
-23333
-23323
-23317
-23315
-23314
-23313
-23309
-23305
-23275
-23274
-23273
-23269
-23258
-23248
-23240
-23233
-23232
-23222
-23217
-23214
-23212
-23199
-23196
-23192
-23177
-23171
-23170
-23157
-23156
-23148
-23142
-23133
-23122
-23120
-23118
-23109
-23101
-23100
-23093
-23090
-23089
-23086
-23077
-23075
-23067
-23060
-23058
-23054
-23050
-23046
-23043
-23038
-23030
-23028
-23026
-23026
-23018
-22995
-22992
-22991
-22982
-22979
-22975
-22950
-22949
-22947
-22942
-22936
-22935
-22921
-22901
-22894
-22888
-22885
-22868
-22847
-22846
-22813
-22809
-22804
-22803
-22801
-22801
-22797
-22792
-22791
-22786
-22768
-22765
-22757
-22754
-22750
-22748
-22744
-22733
-22732
-22730
-22730
-22729
-22726
-22724
-22720
-22703
-22702
-22702
-22685
-22681
-22679
-22675
-22659
-22653
-22641
-22641
-22639
-22628
-22624
-22623
-22623
-22618
-22617
-22616
-22616
-22615
-22596
-22586
-22584
-22582
-22579
-22577
-22573
-22573
-22568
-22559
-22556
-22555
-22550
-22545
-22538
-22536
-22535
-22532
-22510
-22508
-22507
-22507
-22505
-22504
-22499
-22484
-22478
-22462
-22453
-22448
-22439
-22438
-22435
-22433
-22421
-22418
-22418
-22416
-22405
-22405
-22394
-22393
-22392
-22392
-22380
-22371
-22371
-22368
-22338
-22338
-22326
-22310
-22310
-22303
-22301
-22301
-22295
-22286
-22282
-22274
-22271
-22271
-22267
-22266
-22264
-22243
-22238
-22236
-22236
-22233
-22229
-22228
-22225
-22200
-22198
-22195
-22191
-22191
-22183
-22180
-22178
-22157
-22156
-22155
-22148
-22146
-22142
-22138
-22121
-22119
-22118
-22115
-22105
-22102
-22096
-22089
-22084
-22078
-22074
-22073
-22052
-22043
-22034
-22034
-22025
-22019
-21999
-21997
-21993
-21971
-21971
-21969
-21967
-21964
-21964
-21958
-21953
-21950
-21949
-21949
-21948
-21936
-21933
-21928
-21923
-21918
-21908
-21903
-21902
-21899
-21897
-21896
-21895
-21893
-21892
-21882
-21872
-21872
-21870
-21869
-21861
-21859
-21841
-21836
-21829
-21829
-21816
-21804
-21804
-21780
-21777
-21767
-21760
-21759
-21753
-21744
-21743
-21721
-21715
-21714
-21712
-21711
-21702
-21701
-21698
-21689
-21682
-21679
-21677
-21676
-21675
-21672
-21666
-21665
-21663
-21656
-21644
-21642
-21642
-21641
-21624
-21605
-21601
-21601
-21601
-21597
-21595
-21585
-21576
-21571
-21570
-21559
-21553
-21545
-21540
-21537
-21519
-21511
-21509
-21506
-21497
-21496
-21490
-21488
-21486
-21485
-21482
-21477
-21473
-21464
-21459
-21457
-21455
-21453
-21449
-21448
-21444
-21443
-21430
-21417
-21400
-21382
-21381
-21372
-21368
-21368
-21363
-21350
-21336
-21315
-21304
-21299
-21287
-21280
-21280
-21274
-21259
-21255
-21254
-21234
-21234
-21231
-21228
-21224
-21223
-21222
-21222
-21217
-21209
-21207
-21206
-21193
-21190
-21188
-21178
-21177
-21177
-21176
-21175
-21165
-21145
-21144
-21143
-21139
-21130
-21119
-21116
-21114
-21111
-21109
-21101
-21091
-21089
-21086
-21086
-21086
-21082
-21080
-21076
-21075
-21073
-21063
-21060
-21051
-21051
-21043
-21039
-21014
-21014
-21007
-21006
-21001
-21000
-20991
-20988
-20984
-20980
-20979
-20978
-20973
-20969
-20963
-20954
-20954
-20951
-20947
-20940
-20938
-20937
-20931
-20929
-20924
-20911
-20905
-20901
-20900
-20895
-20894
-20890
-20890
-20886
-20882
-20881
-20880
-20878
-20877
-20877
-20873
-20866
-20866
-20860
-20858
-20855
-20854
-20845
-20836
-20822
-20817
-20814
-20801
-20798
-20794
-20793
-20782
-20782
-20780
-20768
-20765
-20762
-20746
-20743
-20732
-20728
-20724
-20715
-20707
-20706
-20696
-20677
-20677
-20675
-20667
-20664
-20662
-20661
-20655
-20639
-20611
-20611
-20601
-20600
-20600
-20599
-20596
-20595
-20590
-20568
-20566
-20548
-20545
-20540
-20538
-20529
-20527
-20525
-20523
-20523
-20522
-20515
-20490
-20488
-20487
-20486
-20481
-20471
-20467
-20465
-20457
-20444
-20443
-20433
-20429
-20424
-20419
-20415
-20406
-20395
-20391
-20382
-20376
-20374
-20363
-20358
-20354
-20353
-20352
-20350
-20350
-20348
-20346
-20345
-20338
-20338
-20332
-20327
-20326
-20323
-20310
-20309
-20305
-20302
-20296
-20291
-20288
-20287
-20285
-20281
-20276
-20276
-20275
-20270
-20262
-20261
-20258
-20250
-20233
-20233
-20230
-20230
-20211
-20211
-20206
-20193
-20185
-20180
-20178
-20173
-20170
-20167
-20145
-20140
-20136
-20129
-20120
-20109
-20105
-20103
-20103
-20083
-20083
-20074
-20066
-20061
-20054
-20053
-20032
-20028
-20023
-20018
-20017
-20015
-20010
-20000
-19993
-19992
-19992
-19992
-19989
-19979
-19973
-19969
-19968
-19957
-19954
-19953
-19942
-19942
-19926
-19920
-19913
-19913
-19884
-19881
-19880
-19874
-19868
-19865
-19865
-19859
-19857
-19856
-19851
-19849
-19829
-19824
-19821
-19816
-19810
-19801
-19796
-19795
-19790
-19786
-19783
-19781
-19769
-19768
-19757
-19749
-19740
-19739
-19737
-19735
-19725
-19717
-19710
-19702
-19701
-19694
-19692
-19690
-19669
-19667
-19651
-19650
-19649
-19647
-19642
-19632
-19623
-19622
-19617
-19616
-19611
-19605
-19601
-19598
-19596
-19594
-19577
-19573
-19560
-19556
-19552
-19551
-19541
-19531
-19522
-19512
-19492
-19489
-19485
-19476
-19474
-19467
-19465
-19456
-19445
-19438
-19438
-19436
-19433
-19430
-19429
-19427
-19423
-19421
-19413
-19405
-19403
-19393
-19390
-19387
-19382
-19380
-19377
-19374
-19373
-19371
-19359
-19352
-19350
-19350
-19350
-19348
-19335
-19330
-19324
-19320
-19320
-19319
-19311
-19306
-19301
-19294
-19292
-19290
-19282
-19280
-19280
-19274
-19271
-19263
-19262
-19258
-19256
-19250
-19247
-19228
-19219
-19219
-19216
-19216
-19209
-19205
-19198
-19193
-19186
-19181
-19181
-19163
-19149
-19143
-19135
-19115
-19113
-19107
-19094
-19080
-19079
-19070
-19069
-19062
-19061
-19056
-19054
-19039
-19037
-19030
-19027
-19019
-19018
-19009
-19009
-19004
-18999
-18992
-18974
-18956
-18955
-18955
-18952
-18946
-18942
-18935
-18930
-18924
-18922
-18910
-18908
-18904
-18901
-18899
-18893
-18893
-18891
-18884
-18878
-18878
-18873
-18871
-18868
-18868
-18864
-18862
-18857
-18855
-18843
-18839
-18827
-18821
-18820
-18807
-18805
-18792
-18774
-18773
-18762
-18748
-18740
-18736
-18725
-18722
-18722
-18716
-18715
-18712
-18710
-18703
-18698
-18697
-18694
-18690
-18689
-18682
-18681
-18666
-18659
-18653
-18650
-18630
-18615
-18614
-18607
-18597
-18589
-18586
-18580
-18580
-18580
-18577
-18576
-18556
-18547
-18545
-18528
-18525
-18514
-18499
-18493
-18492
-18481
-18472
-18468
-18465
-18457
-18455
-18452
-18448
-18446
-18444
-18444
-18440
-18435
-18433
-18429
-18427
-18423
-18423
-18422
-18417
-18405
-18404
-18403
-18394
-18384
-18372
-18368
-18364
-18362
-18353
-18344
-18341
-18341
-18333
-18329
-18326
-18299
-18299
-18289
-18265
-18253
-18250
-18223
-18219
-18214
-18209
-18177
-18170
-18168
-18165
-18156
-18154
-18146
-18141
-18122
-18116
-18115
-18108
-18104
-18099
-18094
-18092
-18090
-18073
-18052
-18047
-18043
-18040
-18039
-18027
-18027
-18021
-18009
-18009
-18003
-17997
-17995
-17991
-17959
-17952
-17946
-17935
-17934
-17934
-17929
-17926
-17920
-17916
-17904
-17901
-17901
-17898
-17866
-17844
-17841
-17838
-17835
-17833
-17827
-17827
-17827
-17821
-17819
-17817
-17804
-17785
-17779
-17770
-17764
-17763
-17753
-17724
-17721
-17720
-17712
-17704
-17696
-17682
-17680
-17679
-17674
-17673
-17665
-17663
-17657
-17644
-17644
-17641
-17636
-17627
-17622
-17620
-17617
-17609
-17609
-17604
-17600
-17590
-17589
-17588
-17575
-17571
-17563
-17522
-17516
-17514
-17508
-17503
-17489
-17486
-17478
-17478
-17464
-17463
-17450
-17444
-17431
-17424
-17422
-17418
-17397
-17397
-17395
-17391
-17391
-17390
-17386
-17380
-17377
-17372
-17370
-17369
-17364
-17362
-17353
-17351
-17351
-17349
-17347
-17344
-17343
-17343
-17339
-17323
-17316
-17308
-17303
-17298
-17281
-17274
-17273
-17272
-17271
-17269
-17256
-17254
-17254
-17253
-17249
-17245
-17243
-17243
-17229
-17214
-17213
-17206
-17186
-17178
-17174
-17173
-17168
-17166
-17166
-17149
-17147
-17145
-17137
-17135
-17134
-17132
-17118
-17112
-17096
-17095
-17092
-17083
-17079
-17033
-17033
-17032
-17030
-17018
-17015
-17002
-16983
-16983
-16980
-16975
-16974
-16963
-16956
-16948
-16947
-16940
-16935
-16934
-16930
-16922
-16921
-16916
-16916
-16915
-16914
-16892
-16887
-16887
-16870
-16869
-16860
-16859
-16857
-16857
-16849
-16842
-16841
-16840
-16831
-16830
-16829
-16795
-16794
-16773
-16764
-16755
-16743
-16728
-16727
-16726
-16720
-16718
-16714
-16712
-16701
-16695
-16690
-16688
-16680
-16677
-16672
-16671
-16662
-16657
-16650
-16648
-16641
-16631
-16629
-16624
-16609
-16607
-16599
-16598
-16587
-16586
-16581
-16580
-16570
-16567
-16560
-16558
-16550
-16541
-16540
-16521
-16521
-16502
-16501
-16500
-16499
-16486
-16482
-16473
-16471
-16469
-16468
-16462
-16458
-16457
-16444
-16439
-16438
-16411
-16404
-16399
-16395
-16394
-16372
-16369
-16358
-16355
-16355
-16348
-16342
-16340
-16339
-16333
-16323
-16318
-16306
-16299
-16296
-16276
-16272
-16272
-16270
-16251
-16249
-16236
-16235
-16235
-16234
-16225
-16223
-16222
-16221
-16206
-16203
-16203
-16202
-16194
-16188
-16185
-16179
-16171
-16141
-16140
-16134
-16129
-16129
-16128
-16123
-16121
-16115
-16108
-16106
-16104
-16100
-16100
-16097
-16083
-16079
-16069
-16066
-16063
-16046
-16035
-16035
-16034
-16033
-16023
-16020
-16015
-16010
-16010
-16002
-15994
-15994
-15991
-15989
-15980
-15978
-15974
-15965
-15962
-15962
-15960
-15954
-15950
-15939
-15938
-15937
-15935
-15934
-15919
-15916
-15913
-15912
-15905
-15902
-15896
-15896
-15892
-15877
-15872
-15871
-15871
-15864
-15862
-15862
-15848
-15843
-15836
-15829
-15824
-15822
-15818
-15814
-15812
-15812
-15803
-15800
-15796
-15791
-15788
-15781
-15779
-15771
-15769
-15766
-15766
-15750
-15748
-15745
-15736
-15732
-15730
-15730
-15720
-15708
-15704
-15702
-15701
-15696
-15691
-15690
-15683
-15682
-15675
-15675
-15674
-15659
-15659
-15650
-15650
-15648
-15647
-15647
-15632
-15631
-15629
-15625
-15625
-15623
-15616
-15609
-15589
-15589
-15578
-15577
-15571
-15570
-15569
-15568
-15560
-15554
-15545
-15537
-15537
-15525
-15525
-15523
-15521
-15514
-15510
-15509
-15506
-15504
-15496
-15487
-15483
-15469
-15465
-15464
-15462
-15462
-15447
-15440
-15440
-15437
-15427
-15425
-15416
-15407
-15404
-15402
-15401
-15384
-15379
-15377
-15370
-15369
-15366
-15366
-15364
-15364
-15354
-15349
-15348
-15341
-15340
-15328
-15312
-15301
-15300
-15298
-15293
-15293
-15288
-15279
-15277
-15275
-15264
-15261
-15260
-15256
-15244
-15243
-15242
-15239
-15229
-15224
-15220
-15209
-15190
-15175
-15166
-15164
-15164
-15159
-15158
-15148
-15140
-15139
-15139
-15120
-15116
-15110
-15105
-15104
-15098
-15094
-15093
-15080
-15075
-15074
-15067
-15066
-15064
-15060
-15048
-15041
-15035
-15031
-15028
-15027
-15019
-15012
-15011
-15008
-15004
-15000
-14998
-14993
-14986
-14986
-14985
-14979
-14974
-14971
-14964
-14928
-14916
-14911
-14910
-14906
-14905
-14905
-14904
-14901
-14890
-14883
-14880
-14879
-14876
-14869
-14865
-14858
-14858
-14851
-14849
-14846
-14845
-14841
-14831
-14831
-14830
-14824
-14823
-14814
-14811
-14807
-14802
-14797
-14795
-14788
-14777
-14774
-14773
-14768
-14757
-14750
-14735
-14733
-14732
-14728
-14728
-14720
-14716
-14715
-14713
-14703
-14696
-14693
-14688
-14688
-14684
-14674
-14671
-14667
-14666
-14666
-14653
-14652
-14645
-14642
-14635
-14631
-14616
-14607
-14592
-14590
-14589
-14584
-14583
-14574
-14568
-14568
-14567
-14566
-14565
-14560
-14557
-14553
-14552
-14549
-14538
-14533
-14528
-14527
-14527
-14505
-14503
-14500
-14500
-14495
-14494
-14490
-14489
-14480
-14477
-14476
-14442
-14429
-14427
-14422
-14420
-14420
-14419
-14415
-14403
-14399
-14396
-14386
-14384
-14382
-14375
-14370
-14364
-14355
-14352
-14336
-14331
-14322
-14322
-14319
-14314
-14309
-14309
-14303
-14302
-14301
-14298
-14298
-14297
-14296
-14292
-14292
-14291
-14289
-14288
-14287
-14262
-14260
-14257
-14256
-14250
-14250
-14246
-14241
-14238
-14237
-14235
-14234
-14232
-14224
-14223
-14222
-14214
-14214
-14212
-14212
-14210
-14205
-14196
-14193
-14185
-14176
-14173
-14164
-14163
-14155
-14146
-14142
-14140
-14139
-14125
-14110
-14107
-14106
-14102
-14101
-14098
-14086
-14081
-14081
-14077
-14072
-14066
-14060
-14060
-14059
-14057
-14049
-14045
-14021
-14020
-14019
-13995
-13992
-13991
-13981
-13977
-13968
-13960
-13958
-13954
-13949
-13942
-13936
-13926
-13913
-13911
-13905
-13899
-13896
-13889
-13887
-13887
-13883
-13879
-13877
-13875
-13874
-13871
-13856
-13850
-13848
-13848
-13845
-13838
-13835
-13834
-13824
-13822
-13819
-13789
-13776
-13759
-13759
-13759
-13750
-13743
-13738
-13736
-13733
-13731
-13718
-13716
-13711
-13707
-13705
-13703
-13701
-13698
-13693
-13684
-13683
-13680
-13680
-13679
-13678
-13675
-13670
-13669
-13668
-13664
-13661
-13656
-13649
-13632
-13631
-13619
-13618
-13618
-13617
-13611
-13598
-13593
-13591
-13590
-13585
-13585
-13584
-13583
-13581
-13577
-13577
-13559
-13549
-13548
-13532
-13523
-13523
-13513
-13510
-13500
-13499
-13497
-13496
-13491
-13488
-13484
-13483
-13477
-13476
-13473
-13471
-13470
-13461
-13460
-13454
-13454
-13447
-13445
-13441
-13436
-13420
-13417
-13416
-13416
-13406
-13397
-13392
-13387
-13386
-13385
-13385
-13381
-13379
-13374
-13374
-13369
-13366
-13354
-13345
-13345
-13345
-13340
-13332
-13328
-13323
-13302
-13297
-13290
-13288
-13283
-13280
-13278
-13278
-13277
-13274
-13274
-13257
-13235
-13223
-13222
-13218
-13218
-13217
-13200
-13199
-13198
-13187
-13185
-13183
-13182
-13170
-13170
-13162
-13159
-13147
-13145
-13133
-13128
-13127
-13126
-13124
-13123
-13122
-13121
-13120
-13107
-13106
-13099
-13097
-13091
-13090
-13089
-13087
-13086
-13086
-13085
-13078
-13078
-13076
-13062
-13061
-13059
-13058
-13055
-13055
-13054
-13051
-13040
-13034
-13029
-13027
-13024
-13022
-13010
-13004
-12997
-12976
-12973
-12970
-12963
-12963
-12957
-12956
-12955
-12950
-12948
-12939
-12937
-12926
-12922
-12916
-12914
-12907
-12907
-12906
-12905
-12898
-12889
-12888
-12882
-12872
-12871
-12864
-12863
-12861
-12853
-12841
-12839
-12831
-12828
-12813
-12805
-12805
-12802
-12780
-12779
-12764
-12756
-12748
-12747
-12733
-12730
-12718
-12714
-12708
-12706
-12705
-12705
-12701
-12701
-12700
-12688
-12685
-12675
-12667
-12664
-12664
-12664
-12662
-12657
-12656
-12655
-12654
-12653
-12652
-12637
-12631
-12629
-12624
-12618
-12618
-12617
-12616
-12615
-12586
-12571
-12569
-12558
-12557
-12555
-12545
-12540
-12537
-12520
-12514
-12503
-12503
-12497
-12490
-12482
-12481
-12475
-12472
-12471
-12459
-12450
-12441
-12428
-12428
-12424
-12421
-12409
-12408
-12406
-12399
-12395
-12378
-12356
-12349
-12336
-12334
-12328
-12322
-12303
-12303
-12296
-12294
-12281
-12267
-12262
-12259
-12255
-12253
-12250
-12245
-12238
-12230
-12227
-12216
-12216
-12215
-12212
-12207
-12206
-12205
-12204
-12192
-12179
-12175
-12171
-12169
-12165
-12153
-12153
-12147
-12145
-12143
-12141
-12141
-12140
-12139
-12134
-12133
-12130
-12130
-12119
-12114
-12097
-12081
-12080
-12079
-12070
-12068
-12049
-12042
-12040
-12033
-12026
-12010
-12007
-11998
-11993
-11990
-11987
-11986
-11968
-11966
-11959
-11954
-11950
-11948
-11945
-11934
-11928
-11927
-11923
-11918
-11902
-11895
-11887
-11883
-11882
-11878
-11875
-11869
-11868
-11850
-11841
-11834
-11834
-11824
-11824
-11818
-11812
-11810
-11806
-11805
-11802
-11801
-11799
-11792
-11784
-11777
-11774
-11773
-11773
-11767
-11763
-11761
-11760
-11758
-11756
-11754
-11737
-11737
-11732
-11731
-11727
-11723
-11722
-11711
-11708
-11707
-11707
-11688
-11684
-11678
-11677
-11660
-11659
-11658
-11658
-11621
-11614
-11604
-11604
-11590
-11589
-11587
-11584
-11569
-11568
-11565
-11550
-11541
-11534
-11531
-11531
-11531
-11524
-11522
-11509
-11497
-11495
-11481
-11472
-11466
-11463
-11461
-11461
-11460
-11458
-11446
-11435
-11433
-11429
-11423
-11416
-11416
-11409
-11402
-11395
-11395
-11390
-11377
-11376
-11354
-11342
-11340
-11338
-11335
-11331
-11325
-11316
-11313
-11311
-11307
-11298
-11288
-11282
-11271
-11264
-11262
-11250
-11239
-11235
-11233
-11231
-11230
-11230
-11221
-11212
-11212
-11206
-11205
-11202
-11201
-11200
-11190
-11186
-11186
-11182
-11180
-11179
-11177
-11174
-11173
-11173
-11168
-11157
-11157
-11156
-11152
-11152
-11150
-11134
-11128
-11127
-11121
-11119
-11115
-11114
-11110
-11097
-11096
-11080
-11078
-11077
-11073
-11064
-11055
-11046
-11043
-11041
-11030
-11028
-11023
-11021
-11014
-11013
-11010
-11008
-11002
-11000
-10985
-10978
-10974
-10971
-10971
-10969
-10951
-10950
-10945
-10938
-10931
-10931
-10926
-10920
-10904
-10904
-10899
-10884
-10881
-10875
-10875
-10867
-10867
-10860
-10857
-10853
-10848
-10847
-10840
-10834
-10818
-10815
-10807
-10800
-10792
-10789
-10786
-10775
-10774
-10772
-10771
-10763
-10758
-10757
-10755
-10753
-10738
-10732
-10730
-10724
-10724
-10717
-10710
-10710
-10709
-10702
-10701
-10688
-10684
-10671
-10666
-10645
-10643
-10636
-10622
-10619
-10609
-10602
-10598
-10596
-10591
-10584
-10584
-10577
-10574
-10572
-10565
-10553
-10550
-10550
-10549
-10545
-10543
-10540
-10532
-10532
-10530
-10527
-10525
-10520
-10518
-10508
-10507
-10500
-10497
-10482
-10476
-10474
-10463
-10460
-10450
-10446
-10438
-10428
-10427
-10425
-10424
-10422
-10421
-10420
-10413
-10411
-10400
-10398
-10397
-10391
-10388
-10388
-10386
-10382
-10375
-10375
-10374
-10367
-10356
-10355
-10338
-10323
-10323
-10322
-10322
-10316
-10315
-10302
-10300
-10285
-10275
-10273
-10270
-10270
-10269
-10258
-10256
-10255
-10252
-10251
-10249
-10247
-10240
-10224
-10219
-10210
-10190
-10185
-10171
-10159
-10144
-10120
-10118
-10107
-10107
-10093
-10091
-10089
-10075
-10072
-10071
-10068
-10060
-10035
-10032
-10025
-10023
-10019
-10017
-10007
-10005
-10001
-9985
-9980
-9977
-9975
-9973
-9960
-9959
-9936
-9927
-9922
-9919
-9913
-9913
-9912
-9912
-9904
-9903
-9903
-9902
-9899
-9899
-9891
-9889
-9875
-9867
-9865
-9861
-9841
-9836
-9833
-9832
-9830
-9829
-9815
-9807
-9803
-9797
-9795
-9785
-9785
-9783
-9776
-9776
-9772
-9755
-9750
-9748
-9747
-9736
-9736
-9735
-9731
-9731
-9721
-9721
-9720
-9713
-9708
-9688
-9683
-9657
-9652
-9651
-9646
-9633
-9626
-9609
-9604
-9603
-9601
-9583
-9583
-9576
-9546
-9542
-9542
-9541
-9539
-9529
-9528
-9525
-9524
-9509
-9504
-9501
-9495
-9486
-9482
-9477
-9472
-9469
-9466
-9466
-9462
-9445
-9433
-9424
-9415
-9409
-9407
-9400
-9398
-9397
-9396
-9394
-9390
-9383
-9383
-9379
-9375
-9369
-9363
-9361
-9359
-9359
-9356
-9354
-9350
-9346
-9345
-9340
-9331
-9330
-9327
-9324
-9307
-9303
-9300
-9293
-9292
-9292
-9292
-9287
-9277
-9277
-9272
-9270
-9266
-9256
-9247
-9246
-9244
-9242
-9238
-9237
-9222
-9217
-9214
-9214
-9207
-9197
-9192
-9189
-9182
-9181
-9172
-9170
-9169
-9166
-9157
-9149
-9149
-9144
-9135
-9125
-9099
-9096
-9091
-9083
-9082
-9080
-9079
-9078
-9064
-9063
-9048
-9046
-9045
-9040
-9036
-9034
-9025
-9024
-9024
-9020
-9017
-9012
-9008
-9008
-8996
-8995
-8974
-8973
-8969
-8958
-8953
-8943
-8939
-8934
-8927
-8924
-8923
-8918
-8911
-8909
-8909
-8908
-8905
-8898
-8876
-8871
-8862
-8843
-8842
-8837
-8836
-8834
-8833
-8829
-8827
-8827
-8824
-8824
-8816
-8804
-8803
-8798
-8793
-8785
-8775
-8766
-8748
-8741
-8735
-8735
-8725
-8722
-8713
-8708
-8700
-8696
-8696
-8695
-8691
-8687
-8682
-8677
-8676
-8675
-8674
-8667
-8662
-8660
-8654
-8645
-8641
-8639
-8633
-8632
-8622
-8622
-8615
-8595
-8593
-8593
-8592
-8590
-8585
-8581
-8571
-8569
-8567
-8565
-8564
-8563
-8559
-8556
-8545
-8540
-8536
-8532
-8526
-8524
-8517
-8512
-8510
-8501
-8495
-8495
-8489
-8484
-8476
-8469
-8465
-8463
-8448
-8444
-8431
-8419
-8417
-8413
-8411
-8407
-8407
-8403
-8402
-8394
-8390
-8385
-8383
-8382
-8382
-8379
-8347
-8346
-8345
-8338
-8338
-8335
-8331
-8331
-8328
-8328
-8320
-8316
-8305
-8299
-8288
-8284
-8272
-8270
-8259
-8250
-8248
-8246
-8243
-8242
-8235
-8232
-8227
-8219
-8217
-8213
-8206
-8193
-8190
-8188
-8186
-8178
-8178
-8177
-8171
-8170
-8167
-8166
-8165
-8152
-8151
-8150
-8150
-8147
-8146
-8133
-8121
-8118
-8110
-8094
-8090
-8077
-8067
-8056
-8052
-8050
-8044
-8038
-8038
-8037
-8031
-8014
-8011
-8005
-8000
-7993
-7988
-7983
-7976
-7975
-7970
-7967
-7961
-7956
-7950
-7948
-7943
-7935
-7928
-7925
-7910
-7895
-7895
-7893
-7892
-7886
-7886
-7877
-7871
-7871
-7864
-7847
-7827
-7804
-7785
-7779
-7777
-7774
-7771
-7760
-7753
-7752
-7749
-7743
-7742
-7741
-7739
-7737
-7736
-7736
-7735
-7732
-7719
-7709
-7699
-7686
-7684
-7680
-7680
-7665
-7665
-7655
-7646
-7643
-7631
-7625
-7606
-7598
-7596
-7568
-7565
-7557
-7551
-7545
-7543
-7539
-7538
-7535
-7532
-7527
-7522
-7519
-7517
-7517
-7507
-7502
-7492
-7484
-7461
-7451
-7444
-7442
-7442
-7438
-7437
-7434
-7431
-7427
-7426
-7423
-7422
-7405
-7400
-7399
-7390
-7389
-7388
-7382
-7379
-7377
-7362
-7352
-7352
-7351
-7336
-7336
-7335
-7328
-7324
-7313
-7309
-7308
-7299
-7297
-7285
-7282
-7278
-7263
-7259
-7257
-7253
-7249
-7242
-7241
-7237
-7236
-7233
-7228
-7211
-7211
-7210
-7199
-7198
-7187
-7184
-7176
-7159
-7157
-7153
-7153
-7150
-7148
-7148
-7146
-7136
-7134
-7134
-7132
-7131
-7125
-7115
-7113
-7110
-7109
-7108
-7106
-7094
-7090
-7083
-7064
-7064
-7063
-7061
-7056
-7045
-7030
-7027
-7027
-7024
-7019
-7015
-7013
-7010
-7008
-7007
-7006
-7003
-6988
-6978
-6977
-6973
-6972
-6971
-6970
-6961
-6956
-6945
-6933
-6930
-6929
-6923
-6921
-6919
-6919
-6895
-6887
-6887
-6883
-6875
-6870
-6867
-6865
-6855
-6850
-6827
-6827
-6820
-6782
-6782
-6776
-6768
-6735
-6733
-6732
-6732
-6725
-6721
-6713
-6704
-6698
-6687
-6682
-6681
-6678
-6658
-6656
-6652
-6649
-6641
-6634
-6632
-6629
-6627
-6627
-6625
-6621
-6605
-6604
-6604
-6601
-6597
-6593
-6587
-6583
-6582
-6576
-6573
-6565
-6565
-6560
-6557
-6551
-6550
-6545
-6536
-6536
-6532
-6526
-6522
-6519
-6514
-6509
-6503
-6500
-6475
-6472
-6471
-6470
-6467
-6466
-6460
-6458
-6443
-6443
-6428
-6426
-6422
-6418
-6417
-6412
-6406
-6402
-6399
-6390
-6385
-6382
-6375
-6373
-6358
-6354
-6349
-6345
-6343
-6335
-6334
-6322
-6318
-6314
-6299
-6298
-6287
-6287
-6257
-6254
-6254
-6249
-6249
-6245
-6244
-6242
-6226
-6221
-6220
-6217
-6217
-6209
-6192
-6185
-6179
-6177
-6175
-6174
-6172
-6162
-6148
-6147
-6142
-6140
-6130
-6119
-6118
-6106
-6104
-6092
-6085
-6084
-6065
-6064
-6060
-6059
-6043
-6038
-6036
-6033
-6027
-6017
-6015
-6014
-6009
-6001
-6001
-5984
-5982
-5982
-5980
-5974
-5972
-5972
-5968
-5962
-5956
-5954
-5939
-5938
-5932
-5930
-5929
-5920
-5914
-5912
-5906
-5892
-5889
-5880
-5877
-5877
-5859
-5852
-5846
-5845
-5844
-5839
-5831
-5831
-5821
-5818
-5815
-5801
-5800
-5798
-5798
-5782
-5778
-5758
-5756
-5750
-5745
-5737
-5732
-5720
-5715
-5710
-5702
-5683
-5670
-5668
-5668
-5667
-5655
-5655
-5652
-5649
-5642
-5636
-5635
-5629
-5624
-5623
-5615
-5610
-5607
-5605
-5600
-5587
-5584
-5566
-5563
-5562
-5560
-5553
-5540
-5533
-5528
-5519
-5516
-5514
-5513
-5494
-5488
-5475
-5475
-5474
-5470
-5464
-5441
-5438
-5433
-5430
-5428
-5428
-5427
-5425
-5412
-5408
-5402
-5402
-5386
-5384
-5378
-5377
-5376
-5372
-5372
-5369
-5367
-5361
-5357
-5356
-5353
-5345
-5339
-5336
-5323
-5321
-5320
-5318
-5309
-5302
-5301
-5299
-5284
-5270
-5256
-5252
-5250
-5243
-5234
-5233
-5231
-5222
-5221
-5216
-5215
-5211
-5209
-5198
-5190
-5188
-5185
-5181
-5158
-5155
-5127
-5123
-5120
-5114
-5099
-5093
-5088
-5084
-5082
-5073
-5070
-5067
-5057
-5051
-5050
-5048
-5046
-5031
-5023
-5022
-5020
-5018
-5014
-5008
-5006
-5001
-4999
-4998
-4992
-4985
-4984
-4983
-4980
-4973
-4967
-4958
-4945
-4945
-4934
-4933
-4928
-4923
-4914
-4902
-4900
-4900
-4899
-4898
-4894
-4894
-4891
-4885
-4877
-4874
-4868
-4865
-4855
-4853
-4851
-4850
-4848
-4846
-4844
-4820
-4814
-4814
-4810
-4800
-4797
-4794
-4792
-4784
-4783
-4782
-4781
-4779
-4768
-4768
-4764
-4743
-4742
-4735
-4729
-4714
-4708
-4708
-4703
-4702
-4691
-4681
-4681
-4680
-4679
-4665
-4660
-4629
-4628
-4621
-4617
-4615
-4588
-4576
-4571
-4569
-4569
-4560
-4560
-4554
-4545
-4542
-4518
-4515
-4508
-4483
-4474
-4466
-4461
-4456
-4450
-4445
-4445
-4444
-4437
-4437
-4425
-4419
-4416
-4409
-4407
-4394
-4394
-4392
-4382
-4377
-4375
-4371
-4368
-4367
-4364
-4364
-4360
-4354
-4346
-4342
-4340
-4326
-4325
-4320
-4317
-4315
-4313
-4301
-4295
-4294
-4290
-4287
-4285
-4281
-4274
-4264
-4244
-4239
-4230
-4225
-4219
-4217
-4210
-4207
-4206
-4200
-4200
-4196
-4195
-4177
-4176
-4173
-4172
-4171
-4168
-4164
-4159
-4158
-4157
-4153
-4148
-4146
-4141
-4140
-4140
-4136
-4133
-4133
-4121
-4117
-4117
-4116
-4101
-4098
-4097
-4087
-4082
-4075
-4071
-4061
-4058
-4054
-4051
-4051
-4049
-4042
-4034
-4033
-4011
-4003
-3995
-3994
-3993
-3986
-3983
-3977
-3976
-3955
-3954
-3950
-3945
-3939
-3936
-3932
-3928
-3924
-3924
-3922
-3914
-3894
-3889
-3886
-3883
-3881
-3875
-3874
-3858
-3858
-3851
-3844
-3844
-3839
-3821
-3820
-3820
-3819
-3818
-3812
-3806
-3804
-3799
-3797
-3796
-3795
-3795
-3794
-3792
-3782
-3778
-3773
-3769
-3769
-3759
-3757
-3738
-3729
-3727
-3717
-3710
-3707
-3701
-3695
-3683
-3680
-3650
-3642
-3640
-3626
-3620
-3613
-3610
-3607
-3601
-3588
-3588
-3586
-3581
-3576
-3573
-3548
-3546
-3544
-3539
-3539
-3537
-3537
-3536
-3521
-3520
-3517
-3514
-3500
-3496
-3491
-3489
-3486
-3484
-3478
-3478
-3472
-3470
-3466
-3464
-3464
-3461
-3456
-3449
-3445
-3442
-3441
-3440
-3440
-3437
-3433
-3425
-3423
-3418
-3414
-3409
-3402
-3401
-3390
-3388
-3383
-3378
-3369
-3368
-3363
-3360
-3358
-3355
-3353
-3348
-3346
-3334
-3325
-3307
-3301
-3300
-3287
-3281
-3281
-3276
-3268
-3260
-3258
-3256
-3255
-3250
-3248
-3236
-3230
-3227
-3226
-3225
-3215
-3207
-3191
-3184
-3169
-3157
-3150
-3131
-3131
-3119
-3113
-3108
-3107
-3102
-3092
-3090
-3077
-3075
-3056
-3053
-3039
-3039
-3034
-3029
-3022
-3013
-3001
-2999
-2985
-2979
-2977
-2957
-2956
-2950
-2941
-2938
-2930
-2930
-2917
-2912
-2910
-2909
-2898
-2893
-2890
-2888
-2887
-2887
-2885
-2882
-2881
-2868
-2867
-2863
-2852
-2850
-2839
-2834
-2829
-2828
-2827
-2821
-2821
-2821
-2806
-2806
-2805
-2770
-2766
-2763
-2752
-2750
-2747
-2738
-2737
-2736
-2727
-2724
-2723
-2722
-2717
-2711
-2711
-2710
-2707
-2703
-2699
-2689
-2681
-2679
-2667
-2665
-2664
-2662
-2657
-2649
-2639
-2636
-2635
-2632
-2630
-2630
-2623
-2623
-2621
-2610
-2598
-2597
-2596
-2590
-2584
-2581
-2575
-2574
-2560
-2556
-2551
-2548
-2545
-2545
-2531
-2529
-2513
-2513
-2505
-2499
-2493
-2487
-2486
-2476
-2473
-2473
-2472
-2471
-2470
-2467
-2465
-2464
-2452
-2445
-2444
-2443
-2436
-2434
-2427
-2416
-2413
-2409
-2403
-2401
-2393
-2392
-2386
-2384
-2373
-2366
-2362
-2358
-2353
-2346
-2331
-2320
-2312
-2305
-2290
-2289
-2265
-2264
-2253
-2245
-2242
-2241
-2239
-2224
-2222
-2211
-2202
-2196
-2194
-2193
-2191
-2191
-2170
-2168
-2163
-2161
-2157
-2149
-2144
-2137
-2130
-2127
-2109
-2107
-2106
-2101
-2088
-2075
-2044
-2034
-2033
-2027
-2010
-2008
-2004
-2002
-1992
-1988
-1987
-1980
-1977
-1974
-1969
-1960
-1950
-1938
-1914
-1914
-1911
-1910
-1909
-1896
-1895
-1890
-1879
-1878
-1862
-1861
-1861
-1858
-1857
-1853
-1846
-1837
-1833
-1813
-1805
-1802
-1799
-1798
-1793
-1790
-1784
-1773
-1762
-1757
-1756
-1754
-1748
-1742
-1741
-1737
-1733
-1721
-1719
-1712
-1708
-1708
-1695
-1682
-1678
-1678
-1677
-1677
-1677
-1671
-1669
-1666
-1660
-1644
-1633
-1627
-1603
-1596
-1585
-1584
-1576
-1569
-1566
-1552
-1547
-1543
-1542
-1532
-1530
-1528
-1527
-1520
-1519
-1517
-1516
-1514
-1507
-1495
-1494
-1489
-1489
-1474
-1454
-1454
-1442
-1440
-1429
-1425
-1421
-1402
-1401
-1385
-1382
-1377
-1370
-1359
-1354
-1353
-1344
-1342
-1338
-1316
-1308
-1305
-1298
-1287
-1277
-1250
-1248
-1242
-1226
-1219
-1218
-1216
-1192
-1190
-1179
-1177
-1176
-1167
-1165
-1160
-1158
-1157
-1155
-1155
-1153
-1135
-1133
-1119
-1118
-1116
-1112
-1100
-1095
-1094
-1090
-1085
-1080
-1080
-1077
-1076
-1059
-1041
-1026
-1020
-1019
-1011
-1006
-1002
-1001
-1000
-987
-984
-982
-972
-967
-960
-958
-955
-953
-953
-951
-951
-950
-949
-945
-944
-940
-938
-934
-932
-928
-917
-906
-855
-854
-850
-849
-849
-848
-847
-845
-837
-830
-828
-826
-810
-807
-785
-759
-742
-742
-739
-739
-736
-725
-724
-721
-701
-700
-698
-693
-687
-683
-675
-675
-671
-669
-667
-665
-664
-656
-654
-651
-648
-638
-632
-632
-626
-622
-605
-594
-588
-584
-583
-581
-578
-576
-576
-575
-566
-560
-558
-557
-554
-553
-549
-548
-543
-540
-521
-518
-514
-513
-504
-502
-487
-487
-478
-475
-471
-465
-462
-448
-445
-436
-433
-428
-422
-420
-411
-407
-406
-403
-402
-399
-399
-397
-389
-382
-379
-375
-373
-369
-347
-332
-325
-316
-309
-302
-300
-299
-298
-295
-291
-289
-276
-276
-276
-271
-265
-258
-246
-239
-235
-219
-218
-208
-204
-199
-197
-183
-179
-167
-164
-163
-160
-158
-152
-152
-147
-141
-140
-139
-128
-124
-123
-111
-101
-98
-79
-75
-69
-57
-49
-34
-32
-29
-17
-1
0
6
6
7
9
10
15
30
32
36
38
39
40
45
46
52
69
70
71
74
78
91
94
97
101
104
109
111
122
126
130
131
132
140
141
147
155
161
162
163
174
176
176
186
227
236
238
239
252
252
258
259
260
263
268
269
270
279
290
293
295
296
298
303
308
308
317
324
334
334
335
337
338
342
347
351
352
352
354
374
387
391
399
403
404
408
409
419
420
423
425
425
426
428
436
436
437
445
445
448
460
460
462
463
471
473
482
482
496
497
498
503
504
507
523
526
539
541
544
553
554
564
573
577
582
582
584
598
621
626
628
632
638
647
648
665
666
674
680
685
687
694
719
721
755
756
759
764
772
773
782
785
789
789
795
797
799
800
803
817
835
839
847
853
862
868
873
881
890
893
902
903
903
904
908
909
911
917
935
942
954
962
973
973
973
980
984
985
987
1002
1005
1011
1016
1037
1039
1050
1060
1066
1074
1075
1076
1081
1085
1086
1094
1097
1099
1102
1104
1107
1112
1118
1119
1121
1124
1128
1131
1134
1136
1138
1148
1187
1187
1190
1193
1193
1194
1197
1214
1216
1221
1222
1222
1229
1236
1237
1239
1243
1245
1251
1254
1254
1265
1268
1272
1272
1273
1277
1282
1284
1299
1308
1308
1312
1339
1340
1344
1344
1347
1348
1357
1366
1379
1382
1386
1402
1408
1431
1434
1437
1439
1441
1444
1445
1446
1448
1458
1459
1464
1476
1489
1491
1492
1495
1498
1498
1505
1508
1511
1515
1519
1528
1529
1536
1540
1543
1544
1545
1548
1550
1553
1554
1556
1559
1565
1573
1578
1579
1581
1590
1596
1598
1607
1611
1613
1613
1620
1627
1636
1638
1639
1639
1654
1661
1670
1677
1693
1695
1695
1698
1707
1708
1708
1711
1733
1742
1744
1744
1747
1748
1756
1770
1771
1775
1786
1788
1788
1793
1806
1815
1817
1827
1834
1847
1853
1862
1863
1876
1881
1893
1907
1910
1926
1940
1941
1947
1965
1972
1976
1976
1982
1986
1988
1988
2000
2008
2008
2009
2010
2018
2041
2045
2048
2055
2057
2060
2061
2062
2078
2078
2080
2094
2100
2107
2114
2125
2131
2131
2131
2132
2133
2137
2163
2169
2172
2174
2194
2208
2215
2221
2225
2229
2230
2231
2235
2252
2257
2259
2266
2273
2273
2293
2305
2317
2317
2328
2329
2334
2343
2343
2344
2347
2358
2363
2374
2374
2389
2393
2397
2399
2399
2399
2400
2401
2404
2407
2415
2417
2420
2431
2433
2438
2440
2450
2450
2451
2458
2474
2482
2484
2486
2493
2496
2498
2502
2512
2523
2524
2546
2557
2558
2563
2584
2584
2603
2610
2616
2626
2632
2658
2664
2669
2672
2703
2707
2710
2712
2717
2730
2732
2735
2739
2742
2744
2744
2749
2760
2762
2763
2766
2779
2786
2789
2793
2803
2807
2819
2820
2821
2826
2828
2828
2829
2832
2833
2833
2840
2844
2851
2857
2861
2863
2868
2876
2876
2878
2879
2883
2885
2886
2903
2905
2907
2908
2911
2914
2928
2946
2951
2951
2961
2967
2979
2984
2989
2998
3000
3004
3021
3022
3023
3025
3043
3046
3046
3056
3058
3069
3072
3075
3076
3080
3082
3083
3087
3089
3089
3092
3101
3105
3127
3128
3132
3133
3136
3138
3140
3155
3155
3160
3164
3165
3167
3197
3197
3210
3214
3215
3223
3223
3223
3223
3224
3224
3224
3226
3226
3230
3233
3236
3237
3243
3246
3257
3270
3271
3274
3287
3293
3294
3319
3320
3324
3330
3337
3338
3342
3351
3354
3364
3376
3376
3386
3388
3393
3398
3401
3406
3411
3414
3418
3423
3442
3444
3444
3446
3455
3468
3485
3489
3494
3517
3519
3522
3526
3526
3530
3530
3534
3537
3542
3562
3566
3574
3577
3578
3587
3590
3592
3599
3599
3606
3609
3610
3615
3620
3621
3625
3632
3634
3638
3649
3650
3651
3652
3675
3682
3684
3688
3689
3691
3709
3712
3715
3718
3722
3739
3740
3762
3764
3765
3787
3789
3791
3801
3806
3815
3817
3820
3830
3843
3846
3849
3851
3853
3855
3865
3866
3868
3872
3878
3881
3881
3885
3899
3905
3907
3914
3917
3927
3951
3963
3967
3972
3978
3982
3987
3991
3994
3998
3999
4002
4005
4020
4025
4026
4033
4039
4041
4044
4044
4044
4045
4052
4058
4059
4061
4061
4070
4077
4078
4081
4082
4085
4091
4106
4108
4117
4121
4125
4127
4130
4138
4142
4156
4162
4165
4173
4175
4177
4181
4189
4195
4197
4197
4199
4211
4212
4215
4219
4230
4242
4252
4265
4279
4286
4287
4287
4304
4306
4315
4322
4325
4326
4328
4336
4339
4358
4368
4375
4376
4383
4385
4386
4388
4389
4392
4399
4403
4413
4415
4420
4429
4444
4444
4447
4448
4452
4458
4458
4468
4469
4472
4473
4489
4497
4505
4506
4507
4507
4510
4518
4519
4520
4521
4532
4533
4540
4544
4545
4545
4552
4553
4556
4559
4560
4566
4568
4572
4576
4577
4577
4580
4586
4587
4591
4593
4601
4611
4614
4619
4619
4622
4632
4634
4635
4636
4645
4661
4663
4669
4678
4686
4688
4704
4711
4716
4719
4727
4728
4736
4736
4748
4757
4758
4773
4773
4776
4783
4783
4785
4792
4794
4796
4804
4817
4820
4820
4821
4825
4829
4848
4856
4873
4893
4915
4916
4920
4920
4922
4928
4939
4953
4965
4979
4982
4994
5005
5013
5020
5029
5032
5036
5046
5048
5055
5062
5062
5071
5082
5084
5086
5095
5096
5100
5111
5114
5126
5136
5136
5167
5169
5177
5181
5183
5184
5184
5185
5187
5189
5190
5191
5196
5196
5198
5202
5203
5218
5230
5239
5243
5251
5262
5274
5283
5289
5294
5295
5296
5298
5307
5327
5330
5332
5336
5339
5340
5342
5342
5357
5359
5362
5369
5370
5371
5385
5400
5400
5401
5402
5402
5405
5408
5415
5424
5426
5427
5428
5442
5451
5455
5469
5474
5477
5489
5493
5498
5499
5500
5505
5506
5508
5509
5517
5521
5526
5529
5532
5535
5536
5545
5549
5551
5552
5555
5562
5570
5571
5574
5575
5575
5576
5587
5593
5597
5598
5600
5601
5602
5606
5607
5608
5651
5659
5660
5669
5669
5672
5679
5682
5683
5685
5695
5695
5705
5707
5713
5717
5719
5721
5732
5737
5737
5739
5742
5742
5742
5747
5749
5754
5754
5754
5757
5757
5758
5781
5782
5788
5790
5797
5809
5813
5817
5819
5825
5826
5842
5843
5846
5847
5849
5852
5856
5862
5866
5870
5874
5877
5882
5884
5884
5888
5891
5891
5893
5898
5905
5913
5919
5919
5927
5931
5938
5945
5955
5973
5973
5979
5980
5992
5995
5996
6001
6005
6005
6010
6013
6016
6034
6050
6053
6056
6062
6071
6088
6101
6106
6108
6109
6109
6110
6111
6117
6130
6142
6151
6177
6194
6201
6205
6212
6218
6219
6220
6220
6224
6242
6242
6244
6249
6250
6253
6295
6295
6297
6305
6308
6308
6309
6313
6324
6336
6338
6341
6344
6347
6354
6365
6370
6370
6378
6385
6394
6394
6397
6405
6407
6417
6426
6431
6433
6446
6450
6450
6451
6458
6465
6467
6474
6481
6485
6503
6503
6504
6507
6513
6524
6531
6539
6540
6540
6547
6547
6549
6551
6553
6555
6556
6559
6563
6565
6568
6571
6574
6577
6590
6590
6608
6622
6631
6638
6639
6639
6647
6647
6653
6655
6657
6663
6664
6668
6672
6673
6678
6679
6681
6684
6690
6690
6694
6697
6700
6705
6705
6708
6714
6717
6719
6721
6728
6731
6739
6742
6744
6750
6754
6761
6765
6780
6799
6814
6822
6833
6849
6853
6858
6863
6869
6869
6887
6891
6893
6893
6904
6905
6907
6910
6911
6921
6939
6946
6952
6956
6957
6966
6985
6991
6991
7006
7011
7012
7016
7025
7037
7045
7047
7049
7052
7060
7069
7072
7076
7085
7091
7093
7099
7100
7104
7110
7112
7116
7125
7129
7129
7132
7156
7166
7172
7174
7178
7180
7189
7201
7203
7206
7209
7212
7213
7216
7245
7255
7255
7264
7274
7283
7302
7304
7308
7313
7331
7332
7337
7339
7346
7347
7350
7351
7359
7362
7378
7381
7400
7408
7420
7442
7451
7463
7466
7473
7497
7502
7513
7516
7518
7522
7523
7533
7535
7540
7546
7553
7553
7556
7560
7564
7564
7586
7592
7596
7615
7616
7619
7639
7639
7642
7647
7662
7665
7668
7674
7677
7689
7699
7719
7724
7724
7725
7729
7736
7746
7753
7765
7769
7771
7774
7779
7783
7785
7789
7790
7794
7798
7810
7815
7825
7827
7834
7834
7834
7838
7839
7844
7847
7850
7851
7853
7856
7863
7874
7880
7883
7890
7891
7892
7897
7901
7904
7913
7926
7948
7950
7954
7962
7963
7963
7966
7974
7992
7992
7994
7994
8020
8020
8022
8024
8031
8034
8036
8056
8070
8071
8071
8078
8095
8100
8105
8109
8111
8112
8120
8121
8128
8130
8131
8184
8206
8212
8224
8227
8229
8235
8251
8256
8256
8262
8263
8265
8265
8266
8270
8283
8288
8303
8305
8306
8308
8314
8321
8323
8326
8349
8355
8355
8367
8383
8387
8390
8390
8400
8404
8411
8413
8429
8429
8438
8443
8444
8465
8468
8480
8488
8489
8490
8492
8492
8494
8494
8496
8503
8511
8514
8534
8540
8561
8562
8566
8567
8572
8575
8579
8582
8594
8617
8630
8641
8653
8656
8657
8662
8672
8676
8680
8682
8683
8694
8696
8699
8709
8712
8715
8727
8733
8744
8745
8747
8753
8759
8763
8768
8778
8783
8783
8783
8790
8797
8803
8806
8809
8810
8812
8825
8826
8841
8845
8867
8868
8883
8888
8889
8904
8905
8909
8916
8924
8931
8935
8955
8958
8960
8970
8991
8994
8994
9026
9030
9039
9056
9068
9070
9075
9077
9093
9095
9097
9100
9102
9107
9109
9109
9124
9126
9141
9142
9149
9161
9162
9163
9169
9174
9194
9209
9219
9222
9227
9240
9249
9267
9270
9274
9278
9280
9281
9298
9299
9300
9300
9301
9302
9305
9317
9324
9332
9335
9351
9351
9353
9360
9362
9364
9370
9372
9376
9384
9384
9388
9391
9405
9415
9419
9426
9432
9432
9436
9451
9453
9454
9472
9476
9480
9488
9497
9507
9509
9510
9522
9527
9543
9544
9545
9545
9546
9559
9566
9567
9577
9580
9581
9586
9589
9597
9597
9601
9607
9614
9618
9625
9639
9639
9654
9655
9662
9670
9677
9678
9681
9684
9686
9688
9697
9701
9703
9703
9724
9733
9740
9752
9753
9779
9780
9781
9786
9795
9820
9821
9823
9824
9836
9837
9838
9841
9844
9845
9858
9864
9866
9888
9889
9899
9911
9912
9914
9915
9919
9923
9926
9930
9932
9933
9934
9935
9942
9943
9946
9950
9958
9973
9984
9985
9987
9987
9993
9999
10007
10010
10011
10018
10031
10035
10036
10038
10044
10056
10059
10080
10101
10112
10118
10121
10134
10138
10141
10147
10149
10157
10159
10162
10167
10174
10174
10178
10181
10182
10183
10184
10188
10190
10192
10210
10211
10215
10221
10223
10229
10238
10241
10243
10243
10253
10255
10258
10264
10272
10275
10290
10294
10309
10322
10335
10340
10341
10346
10356
10357
10359
10359
10359
10361
10365
10365
10366
10366
10368
10369
10388
10395
10398
10399
10400
10403
10403
10411
10414
10420
10424
10429
10430
10437
10443
10449
10468
10469
10470
10474
10475
10477
10485
10489
10495
10514
10527
10539
10539
10545
10551
10553
10563
10565
10567
10589
10601
10602
10605
10610
10630
10633
10638
10652
10660
10661
10664
10667
10667
10671
10673
10688
10690
10698
10700
10705
10709
10716
10719
10724
10724
10735
10739
10742
10754
10754
10757
10774
10774
10794
10797
10799
10801
10804
10805
10805
10828
10832
10835
10838
10839
10846
10862
10864
10876
10904
10909
10912
10915
10919
10925
10937
10948
10950
10950
10970
10973
10974
10974
10983
10986
10998
11013
11015
11016
11025
11059
11074
11075
11088
11089
11091
11094
11095
11096
11100
11105
11112
11130
11139
11142
11143
11157
11158
11159
11162
11165
11167
11178
11178
11184
11187
11191
11194
11204
11205
11207
11215
11221
11235
11236
11238
11257
11258
11259
11282
11288
11289
11292
11295
11302
11312
11323
11329
11332
11337
11341
11341
11341
11346
11346
11353
11372
11373
11401
11414
11433
11436
11441
11442
11445
11463
11474
11476
11479
11480
11481
11494
11524
11536
11541
11569
11576
11581
11591
11593
11596
11600
11602
11606
11619
11637
11645
11650
11650
11663
11672
11672
11678
11686
11686
11689
11694
11697
11711
11712
11717
11722
11724
11726
11739
11742
11742
11745
11756
11773
11791
11807
11807
11819
11822
11826
11833
11840
11843
11845
11855
11860
11870
11871
11878
11884
11897
11902
11911
11912
11915
11915
11923
11923
11926
11928
11928
11929
11932
11950
11952
11970
11973
11976
11979
12005
12027
12036
12037
12038
12052
12053
12059
12060
12064
12066
12068
12068
12079
12087
12093
12093
12097
12102
12110
12118
12144
12145
12154
12157
12167
12169
12171
12176
12177
12181
12186
12191
12193
12197
12201
12206
12209
12212
12223
12225
12225
12229
12243
12251
12252
12267
12270
12277
12279
12284
12309
12311
12338
12339
12343
12348
12356
12359
12367
12377
12383
12400
12408
12413
12419
12437
12438
12443
12464
12466
12476
12477
12492
12522
12525
12525
12527
12533
12534
12555
12559
12579
12580
12582
12586
12596
12611
12614
12626
12632
12642
12646
12647
12648
12653
12664
12669
12672
12679
12679
12680
12681
12685
12692
12693
12695
12698
12698
12706
12717
12718
12719
12735
12739
12752
12758
12760
12768
12782
12795
12817
12831
12852
12860
12870
12873
12881
12893
12912
12914
12918
12923
12932
12933
12940
12947
12962
12979
12980
12985
12990
12992
12998
13004
13009
13011
13014
13016
13025
13026
13029
13030
13043
13051
13053
13055
13058
13070
13072
13079
13102
13103
13114
13123
13124
13133
13141
13142
13143
13145
13156
13158
13161
13171
13172
13179
13191
13195
13204
13213
13221
13226
13241
13247
13267
13268
13274
13275
13280
13281
13282
13283
13283
13287
13288
13300
13301
13310
13313
13317
13322
13326
13327
13329
13334
13354
13354
13374
13377
13386
13391
13401
13403
13405
13408
13411
13416
13419
13424
13430
13431
13439
13442
13459
13459
13472
13473
13473
13482
13493
13494
13495
13496
13499
13506
13507
13512
13512
13512
13512
13526
13541
13543
13545
13546
13553
13560
13560
13563
13567
13571
13577
13583
13583
13588
13588
13590
13598
13617
13621
13632
13640
13643
13646
13661
13684
13694
13701
13702
13705
13709
13713
13741
13763
13767
13775
13777
13779
13782
13784
13799
13801
13803
13822
13837
13840
13844
13849
13857
13865
13869
13872
13874
13887
13894
13896
13896
13903
13904
13904
13909
13928
13929
13930
13932
13952
13962
13964
13965
13968
13968
13968
13971
13975
13990
13991
13997
14014
14014
14018
14021
14024
14026
14030
14031
14034
14039
14045
14059
14059
14064
14068
14070
14073
14079
14093
14096
14098
14106
14107
14116
14125
14132
14136
14138
14143
14150
14151
14152
14158
14160
14165
14167
14174
14183
14188
14195
14196
14204
14207
14216
14222
14250
14252
14256
14279
14295
14295
14295
14298
14300
14311
14321
14323
14339
14352
14355
14358
14359
14359
14360
14362
14364
14366
14368
14369
14375
14382
14385
14385
14387
14389
14389
14393
14394
14397
14397
14401
14403
14404
14408
14413
14414
14421
14425
14428
14429
14430
14431
14432
14432
14439
14443
14447
14447
14448
14453
14456
14456
14466
14475
14478
14478
14479
14481
14490
14503
14503
14505
14508
14520
14528
14529
14542
14553
14564
14570
14572
14586
14588
14593
14596
14607
14611
14615
14618
14618
14620
14626
14634
14634
14636
14637
14643
14645
14648
14650
14650
14657
14661
14662
14666
14667
14673
14676
14685
14685
14687
14695
14699
14702
14704
14706
14708
14711
14722
14723
14725
14727
14759
14760
14762
14777
14778
14780
14780
14790
14795
14800
14811
14815
14820
14825
14828
14839
14840
14841
14842
14845
14848
14857
14860
14860
14861
14866
14880
14883
14889
14898
14905
14906
14907
14913
14915
14919
14923
14930
14934
14937
14942
14944
14944
14945
14947
14948
14951
14958
14966
14974
14979
14980
14996
15003
15011
15013
15020
15022
15024
15027
15033
15048
15055
15059
15065
15068
15083
15086
15087
15089
15096
15108
15111
15114
15117
15120
15124
15124
15124
15127
15130
15130
15131
15131
15140
15149
15152
15185
15185
15186
15187
15192
15196
15211
15216
15217
15217
15227
15231
15239
15241
15246
15276
15277
15278
15279
15285
15295
15299
15300
15310
15321
15330
15337
15342
15358
15366
15376
15382
15389
15394
15416
15416
15426
15427
15431
15432
15438
15441
15459
15474
15480
15481
15482
15483
15485
15487
15488
15494
15502
15505
15508
15523
15523
15526
15533
15547
15564
15569
15574
15578
15582
15591
15594
15597
15599
15612
15613
15613
15620
15626
15627
15629
15631
15634
15636
15636
15643
15650
15657
15659
15661
15663
15682
15685
15689
15704
15707
15710
15711
15716
15718
15719
15728
15748
15749
15764
15767
15772
15773
15779
15784
15792
15797
15812
15818
15823
15834
15841
15853
15858
15860
15862
15870
15881
15884
15896
15897
15903
15908
15921
15922
15926
15926
15931
15936
15937
15938
15945
15963
15965
15973
15976
15981
15988
15989
15993
15995
15995
16007
16009
16016
16021
16026
16027
16044
16047
16052
16053
16064
16065
16067
16070
16078
16082
16092
16092
16094
16108
16111
16126
16137
16147
16150
16158
16186
16192
16193
16198
16208
16209
16210
16218
16227
16229
16230
16235
16237
16242
16246
16247
16250
16256
16258
16265
16265
16265
16265
16275
16283
16286
16319
16327
16329
16332
16333
16336
16341
16341
16346
16350
16354
16355
16356
16360
16374
16376
16378
16381
16388
16416
16417
16419
16419
16420
16423
16426
16428
16454
16458
16467
16468
16475
16476
16483
16492
16497
16498
16504
16513
16522
16537
16539
16540
16540
16577
16578
16578
16578
16581
16588
16592
16593
16601
16602
16627
16636
16641
16642
16654
16661
16663
16665
16674
16683
16708
16711
16712
16719
16723
16744
16759
16761
16779
16791
16793
16795
16812
16814
16814
16818
16827
16832
16840
16851
16852
16858
16861
16862
16862
16874
16877
16886
16894
16895
16897
16902
16904
16918
16921
16931
16937
16952
16967
16972
16983
16996
17002
17004
17007
17013
17022
17023
17026
17028
17029
17033
17035
17054
17064
17069
17069
17072
17073
17098
17099
17103
17104
17121
17128
17131
17133
17138
17143
17145
17156
17158
17164
17180
17181
17184
17187
17188
17190
17191
17191
17207
17211
17215
17215
17227
17232
17232
17233
17237
17240
17251
17251
17270
17273
17278
17291
17300
17301
17310
17314
17325
17337
17341
17343
17345
17347
17355
17358
17359
17366
17368
17373
17379
17380
17393
17414
17419
17431
17434
17436
17452
17467
17471
17479
17484
17489
17497
17503
17511
17523
17524
17527
17528
17528
17540
17545
17552
17559
17570
17572
17574
17578
17581
17583
17583
17592
17601
17606
17607
17609
17609
17620
17621
17625
17628
17639
17640
17662
17675
17680
17681
17702
17708
17711
17712
17716
17717
17726
17732
17741
17748
17750
17766
17770
17773
17787
17805
17805
17807
17813
17818
17822
17823
17825
17826
17844
17846
17847
17847
17847
17860
17864
17866
17870
17870
17871
17872
17899
17902
17919
17925
17944
17952
17955
17959
17966
17967
17968
17971
17975
17981
17986
17988
17997
18000
18001
18005
18009
18009
18018
18020
18032
18032
18034
18038
18051
18060
18067
18075
18075
18075
18083
18089
18090
18103
18104
18108
18115
18128
18145
18149
18151
18152
18154
18159
18162
18163
18168
18168
18171
18188
18194
18203
18210
18211
18217
18223
18223
18248
18249
18251
18254
18277
18287
18291
18324
18327
18338
18356
18366
18370
18380
18380
18381
18386
18392
18394
18401
18407
18409
18417
18417
18428
18437
18444
18451
18455
18456
18458
18464
18465
18478
18479
18479
18480
18488
18488
18496
18496
18497
18510
18510
18511
18523
18525
18534
18534
18535
18537
18540
18540
18546
18546
18549
18558
18568
18570
18573
18573
18575
18577
18582
18585
18586
18586
18591
18601
18603
18606
18626
18632
18633
18640
18642
18646
18647
18651
18652
18663
18665
18667
18679
18679
18688
18692
18698
18698
18702
18704
18706
18713
18750
18782
18783
18786
18789
18792
18796
18806
18812
18816
18817
18828
18845
18846
18848
18850
18855
18856
18856
18859
18860
18864
18875
18889
18890
18895
18896
18899
18902
18903
18908
18920
18925
18931
18934
18936
18955
18968
18973
18979
18987
18993
19005
19015
19018
19020
19023
19029
19031
19033
19048
19050
19063
19067
19076
19090
19096
19096
19097
19100
19101
19112
19113
19119
19138
19140
19150
19153
19167
19168
19169
19191
19195
19213
19220
19226
19229
19230
19230
19236
19253
19255
19281
19283
19283
19285
19285
19286
19291
19304
19305
19315
19324
19329
19346
19347
19349
19354
19362
19363
19364
19368
19369
19370
19384
19389
19393
19400
19403
19414
19423
19438
19444
19449
19451
19456
19459
19466
19478
19479
19482
19508
19509
19509
19517
19526
19528
19530
19536
19538
19542
19542
19548
19549
19563
19568
19571
19575
19586
19590
19604
19605
19618
19623
19627
19629
19630
19634
19640
19646
19648
19651
19655
19658
19669
19672
19672
19674
19683
19697
19701
19709
19711
19716
19717
19724
19725
19726
19729
19730
19737
19739
19740
19742
19744
19745
19746
19748
19748
19752
19754
19755
19765
19767
19772
19778
19779
19784
19786
19795
19803
19815
19826
19833
19835
19851
19851
19853
19862
19871
19880
19885
19891
19893
19911
19925
19932
19942
19945
19966
19967
19980
19998
20001
20005
20006
20006
20015
20021
20021
20026
20033
20036
20037
20037
20041
20043
20047
20049
20055
20067
20071
20075
20081
20085
20085
20089
20093
20102
20108
20109
20113
20118
20122
20124
20125
20126
20126
20127
20130
20133
20134
20138
20143
20146
20166
20171
20174
20178
20179
20192
20194
20204
20215
20215
20216
20221
20225
20226
20245
20247
20250
20251
20255
20259
20259
20271
20280
20291
20303
20304
20307
20311
20313
20322
20328
20332
20336
20341
20342
20358
20365
20367
20374
20374
20383
20391
20397
20402
20404
20404
20407
20419
20421
20425
20425
20429
20436
20454
20463
20478
20490
20496
20501
20507
20512
20516
20527
20542
20548
20549
20551
20556
20556
20565
20570
20584
20589
20595
20604
20609
20609
20615
20618
20620
20625
20636
20638
20641
20649
20649
20660
20668
20672
20684
20686
20691
20699
20700
20708
20715
20720
20725
20726
20726
20727
20729
20729
20734
20736
20755
20763
20768
20771
20772
20775
20781
20787
20801
20811
20814
20815
20819
20828
20841
20841
20841
20844
20850
20853
20858
20861
20878
20886
20888
20888
20913
20913
20915
20916
20918
20928
20949
20968
20971
20979
20985
20992
21007
21011
21015
21033
21037
21046
21061
21070
21076
21086
21089
21090
21100
21100
21107
21123
21132
21134
21139
21149
21152
21159
21165
21195
21198
21202
21202
21205
21209
21209
21220
21221
21226
21229
21229
21242
21243
21256
21272
21277
21279
21287
21292
21296
21304
21314
21314
21318
21318
21350
21354
21355
21360
21369
21374
21375
21383
21387
21399
21400
21403
21415
21419
21427
21432
21439
21442
21447
21448
21469
21470
21480
21482
21487
21487
21493
21495
21497
21503
21505
21506
21520
21524
21524
21529
21530
21532
21535
21537
21538
21540
21540
21546
21552
21553
21567
21573
21581
21591
21592
21601
21601
21604
21606
21613
21615
21624
21629
21636
21639
21642
21645
21650
21658
21662
21681
21683
21690
21701
21701
21702
21705
21716
21718
21726
21727
21727
21727
21732
21734
21740
21756
21759
21760
21764
21767
21773
21777
21780
21781
21788
21801
21804
21805
21830
21831
21835
21841
21844
21845
21854
21863
21867
21871
21884
21886
21891
21892
21893
21903
21912
21928
21934
21949
21949
21953
21954
21954
21955
21961
21962
21963
21968
21978
21981
21989
21996
22024
22025
22029
22032
22040
22040
22054
22054
22060
22067
22068
22081
22083
22090
22105
22114
22123
22125
22137
22143
22146
22161
22167
22171
22185
22212
22216
22222
22225
22233
22233
22246
22248
22250
22257
22262
22269
22280
22283
22291
22293
22299
22308
22308
22310
22316
22317
22321
22322
22327
22329
22330
22330
22337
22338
22354
22364
22367
22371
22386
22392
22394
22404
22409
22428
22434
22444
22445
22451
22455
22462
22465
22470
22473
22480
22481
22488
22492
22492
22501
22507
22513
22514
22514
22515
22518
22529
22533
22534
22535
22548
22570
22579
22583
22583
22587
22591
22593
22600
22606
22616
22619
22622
22627
22631
22639
22640
22642
22645
22653
22667
22674
22677
22680
22693
22703
22709
22710
22712
22723
22723
22726
22728
22733
22733
22738
22744
22744
22752
22755
22755
22759
22764
22766
22773
22782
22793
22799
22799
22803
22817
22837
22837
22842
22851
22854
22869
22872
22878
22880
22889
22890
22892
22906
22907
22907
22924
22928
22934
22937
22940
22978
22988
22989
22996
22997
23001
23021
23031
23032
23033
23038
23048
23054
23059
23062
23065
23075
23075
23082
23090
23092
23094
23095
23095
23105
23108
23112
23121
23124
23133
23134
23139
23141
23159
23162
23164
23165
23198
23225
23229
23237
23249
23250
23251
23251
23257
23268
23295
23316
23318
23321
23331
23345
23356
23361
23361
23374
23384
23384
23387
23395
23404
23410
23417
23425
23430
23433
23442
23443
23444
23447
23451
23453
23459
23464
23472
23479
23483
23486
23487
23491
23494
23496
23502
23504
23506
23509
23510
23510
23518
23520
23521
23528
23540
23541
23541
23546
23555
23557
23565
23566
23580
23599
23600
23609
23610
23620
23621
23632
23641
23643
23652
23656
23657
23680
23683
23690
23694
23704
23706
23709
23716
23723
23731
23732
23734
23737
23738
23740
23741
23742
23747
23747
23761
23762
23771
23778
23790
23790
23791
23795
23797
23810
23845
23846
23849
23851
23857
23858
23860
23865
23878
23878
23879
23880
23884
23886
23888
23893
23902
23909
23910
23957
23960
23989
23989
23990
23995
24006
24019
24022
24024
24034
24036
24037
24040
24041
24046
24048
24053
24061
24062
24064
24072
24075
24077
24078
24081
24103
24110
24113
24120
24150
24163
24175
24183
24196
24203
24213
24218
24220
24233
24237
24241
24242
24250
24253
24261
24271
24274
24280
24284
24293
24305
24312
24312
24321
24329
24339
24342
24345
24349
24350
24351
24358
24365
24367
24370
24377
24380
24384
24387
24409
24422
24427
24439
24442
24461
24465
24465
24471
24475
24477
24489
24506
24508
24510
24510
24522
24522
24524
24530
24531
24545
24552
24563
24569
24570
24572
24577
24580
24581
24587
24591
24599
24602
24616
24616
24622
24628
24629
24631
24640
24642
24644
24649
24671
24676
24679
24686
24687
24687
24693
24694
24702
24709
24726
24729
24733
24738
24753
24755
24759
24766
24783
24797
24812
24819
24819
24824
24832
24835
24842
24845
24851
24853
24858
24863
24875
24882
24884
24885
24888
24891
24892
24902
24906
24919
24920
24924
24926
24927
24927
24934
24935
24936
24942
24945
24946
24952
24956
24963
24972
24985
24996
25007
25011
25016
25021
25024
25034
25038
25045
25045
25047
25051
25055
25066
25067
25074
25075
25095
25097
25107
25113
25122
25123
25139
25142
25143
25155
25159
25163
25171
25186
25192
25204
25208
25211
25212
25223
25230
25231
25235
25236
25240
25253
25259
25274
25278
25284
25296
25298
25310
25311
25321
25331
25336
25346
25362
25374
25376
25380
25384
25396
25399
25409
25414
25416
25424
25428
25443
25443
25445
25452
25459
25461
25470
25470
25474
25477
25478
25483
25484
25493
25503
25527
25528
25530
25535
25540
25542
25544
25551
25557
25560
25567
25575
25577
25584
25601
25620
25623
25628
25632
25633
25643
25646
25651
25652
25653
25671
25674
25676
25677
25677
25680
25705
25713
25717
25734
25734
25741
25747
25761
25763
25769
25770
25773
25778
25779
25780
25791
25793
25818
25821
25834
25844
25844
25851
25855
25874
25876
25890
25891
25896
25896
25901
25906
25908
25918
25921
25936
25943
25943
25943
25946
25950
25952
25954
25954
25956
25960
25964
25967
25971
25982
25988
25992
26001
26009
26013
26023
26033
26036
26052
26055
26057
26069
26070
26071
26075
26076
26078
26080
26086
26089
26091
26092
26093
26094
26103
26107
26108
26109
26112
26124
26125
26130
26131
26132
26135
26140
26154
26160
26168
26172
26174
26178
26182
26196
26212
26228
26234
26235
26241
26243
26247
26247
26248
26254
26254
26257
26261
26265
26280
26283
26299
26306
26311
26326
26327
26346
26347
26353
26359
26362
26367
26368
26372
26377
26379
26384
26408
26411
26413
26414
26418
26422
26429
26432
26460
26468
26482
26488
26492
26494
26495
26495
26501
26504
26506
26509
26513
26522
26523
26526
26529
26537
26540
26548
26550
26551
26592
26596
26601
26609
26639
26647
26649
26650
26650
26663
26666
26670
26683
26684
26685
26687
26693
26700
26710
26710
26722
26723
26734
26755
26760
26762
26772
26772
26783
26786
26789
26798
26809
26820
26824
26826
26832
26836
26845
26846
26855
26861
26862
26870
26873
26882
26890
26895
26896
26902
26917
26923
26926
26927
26927
26928
26928
26938
26947
26951
26957
26957
26959
26960
26965
26967
26968
26987
26994
26998
27003
27010
27020
27028
27030
27037
27041
27041
27055
27064
27068
27076
27078
27078
27083
27087
27093
27104
27111
27117
27136
27143
27153
27156
27163
27168
27194
27194
27198
27212
27213
27218
27233
27235
27246
27253
27264
27268
27271
27271
27274
27283
27284
27285
27288
27300
27304
27324
27327
27331
27337
27338
27349
27353
27356
27358
27366
27366
27367
27372
27384
27390
27408
27415
27419
27420
27424
27426
27444
27445
27445
27449
27453
27456
27462
27476
27489
27499
27506
27510
27511
27520
27521
27522
27527
27531
27534
27536
27539
27540
27541
27545
27548
27553
27555
27561
27562
27565
27566
27574
27575
27579
27587
27588
27589
27597
27600
27603
27630
27632
27633
27638
27638
27639
27642
27647
27665
27665
27671
27672
27677
27678
27678
27681
27685
27693
27694
27697
27697
27702
27708
27721
27725
27729
27742
27745
27749
27760
27760
27763
27778
27782
27785
27799
27799
27808
27810
27810
27814
27815
27823
27831
27833
27833
27852
27857
27868
27875
27879
27881
27885
27888
27889
27899
27900
27907
27919
27927
27935
27939
27939
27940
27940
27944
27950
27953
27955
27957
27960
27966
27972
27973
27977
27984
27993
27996
27996
