4000
6305
-7242
-17032
-24211
-49
-10978
-19647
18392
-17391
-19942
-27171
-19650
3855
-928
-9287
-5831
12243
-21130
1529
23704
-11550
3982
8567
7346
11923
11346
3843
5919
-21595
13496
-26072
14125
-21188
-5209
-20211
-27798
-5798
18908
12680
-12475
-19594
22364
-16115
-6919
5046
-27373
22257
23164
-21936
-3260
-15464
4719
-16662
20691
22988
22640
-20743
5500
-2910
-9542
14456
22434
-2034
-19348
-5014
-15570
-20173
27233
24078
20419
2946
-14234
-21545
2078
4856
22040
10757
-17770
9453
-11354
-18094
-25388
13377
23268
-17463
-9361
-11509
-20326
-669
-7153
13571
15858
18032
-17362
24427
14059
1340
3526
3675
1545
19945
-27027
15441
-382
-5475
-25523
-21777
17726
26460
-325
-24119
26359
13411
-9008
-16035
-12490
2879
-4848
11926
-12349
-25143
6426
14250
-20443
-199
17606
1607
-17486
1693
-22754
-8641
-15120
26592
-271
-19522
17069
6338
-2493
6565
15140
3082
-13461
-27493
-8166
-26444
4829
7994
3083
8727
-9646
-9899
-20488
12932
11826
-25473
-22582
-14733
5055
6568
-14139
-6895
9781
-26912
14490
14222
25240
10774
-14489
-22271
-21666
3650
13869
5177
-75
-23060
17004
-12081
3230
6673
-14583
25474
25943
25298
27600
21535
-1095
539
-3521
290
10178
-6921
-23248
-7335
8496
-24564
-20486
-20352
399
-6104
-1177
-18773
-26328
-13789
-5745
-1878
25055
5884
-9207
-6185
24875
-9472
27575
7308
-6573
20358
-4354
-23309
-27051
-12520
-23758
25834
-3588
7668
-13128
-3418
-8798
5587
-16010
14151
-4054
-6887
20755
-22724
21007
-9495
25336
27927
-22118
-25946
25535
27857
8883
8383
4619
10340
-10005
-6855
-17213
-4419
-15504
-3268
19880
19755
7954
18210
-22616
-5252
9703
3718
-18690
4044
2951
14626
15120
-27508
3609
984
17844
-22228
-3287
1037
-6298
-7106
14068
27010
7533
-1176
-21897
26411
1581
7553
9093
7331
1613
-27374
5020
11139
22600
-26508
-13087
-14797
16578
-11723
17128
-8827
25051
22137
-25421
-24468
-11127
3388
6034
-27231
1940
-19069
772
-20309
-8829
-7719
-27341
22225
-1489
12005
-15094
-13297
7116
-16773
-14303
9353
-2366
-16458
5489
14428
-8696
15659
2744
908
-6503
-7150
-18265
-7538
5185
-13577
-6601
-5624
23133
-18545
-8167
-26467
27555
-19107
-5635
3917
-26878
-8898
3155
10774
-25654
7798
17628
26550
16683
22937
26140
22880
-21971
4545
-24057
-13257
3337
-299
8672
26684
-1805
20122
-27628
9109
15086
-20901
1237
-17590
27444
-9688
-27832
25142
2078
-23861
4026
16779
20021
-6827
-4136
-11157
-26126
-25695
-19816
3868
20341
2057
16904
-14110
9169
22269
18479
3534
22480
15936
8355
6250
10832
-7910
23731
21442
9102
-24237
-24417
23510
-24626
-25956
16327
-23133
2474
21538
23541
-12215
-19219
14596
4429
14586
13495
-5402
-4569
-12948
18640
-14732
-26485
26540
5451
-24145
-26521
-1155
22570
-15836
-7110
-19280
-6417
-25881
10365
3851
6513
-6322
-11497
-11377
-16956
13282
-12238
-25507
-20566
-24524
18993
-11212
10719
13512
25734
436
18702
19347
-289
10056
-475
9701
16356
-2106
26243
-2353
27449
11433
-19531
-3710
-24807
839
-14415
6117
2730
9507
-8152
27198
3287
23680
-8090
22515
-21091
-18698
24858
16381
-638
10255
14861
-10386
-10382
20118
-12871
1102
18128
-19163
17717
23791
11536
15003
20584
20512
-1442
11158
9415
-7090
-17959
-19801
20113
18217
-23997
-18864
-12356
-2346
-2107
-12882
8429
24631
17625
-13889
-27272
18920
10368
-11200
-25436
17497
8630
-16140
11372
3740
16047
20570
-10774
-7895
-8417
16661
-23275
-12872
-14858
-1853
269
20081
-13824
23092
17419
19414
1112
26235
-26461
2131
-21299
-12802
-27631
24163
1876
-16033
-4097
9126
20429
-15843
-10789
15276
-19030
15812
22803
20853
-4290
-15110
-15691
11302
4748
-1633
19571
-4784
-11684
2557
2328
13952
335
2911
-18899
-25523
4389
-27716
10664
8429
24640
-20732
-7774
-17609
-17609
-18115
-13283
-402
18417
-15447
-15139
12647
12068
553
-21576
-8590
-19781
14860
6991
3566
-23791
-24487
-16010
-22142
-25619
-5001
17607
5788
507
-13288
7060
10369
3526
-19692
25601
-18003
24729
-21206
7769
23033
-5031
10974
2407
22645
10477
-11660
24671
14841
3620
-3445
-8299
10243
-6658
-27945
9733
23345
16902
22428
15108
13701
13705
-26831
-26528
6893
13583
-20601
3101
12912
5758
22308
11481
-24551
11238
-27013
-21222
19230
-13124
-5430
-9772
25763
19630
21912
-11805
-19413
-14757
-2703
26923
14439
-19926
-20675
-21254
16602
-8918
-16887
2317
-25954
14930
7104
13507
-25982
-8338
-6001
-19193
13419
-16641
10567
14860
-807
21604
4077
-27325
6590
18444
26639
-5962
-8748
18089
-4571
19140
21954
6224
-13992
-7134
-1677
27020
-11233
8235
-1909
-26405
4716
11929
-20866
-27629
21581
18786
-10684
19772
-15779
-8331
-18423
-2467
-3932
-24778
26861
-1076
-7760
21727
19568
-3486
-2598
-13488
-938
11650
-27252
-21223
4219
3165
-22462
-8272
1005
-22183
2235
20916
-5533
1148
3236
-11078
-2191
-26425
24530
-26657
25540
-26120
-26922
7810
22674
13161
374
-16922
-23784
-8151
-20929
1862
-15647
-26350
-15465
-26888
21928
-14232
-1530
-21455
1620
13844
5370
-8011
-27125
3688
5651
10147
-24241
-3792
12476
-6399
-13385
3722
2305
26174
-8463
-27768
3444
5847
-7257
-20105
7850
-20348
-17112
-12503
-22178
-14905
-21190
3089
-21895
-2717
6336
15599
10948
21037
14158
-5818
3080
21764
-19094
15485
-14869
-5732
-15862
-9815
-20206
10395
6939
-958
-27302
-22393
-9214
6005
5196
-19857
3140
-4973
-13679
-7557
-11758
11480
-687
1707
4044
-5844
21202
10359
-11707
21360
27993
-11802
14906
-2109
17823
-11202
25705
27511
-5720
1505
4518
-24948
14760
8265
5096
14143
24041
-15521
1039
24524
-20905
21482
16663
9219
-19824
16504
4058
18115
15117
-7045
-26416
27213
24040
-19989
25016
2664
10754
-12281
2744
24563
-15766
-15965
24061
-276
19748
-21193
-22195
-4933
-7522
-26142
-5636
-4702
4773
-951
13011
20067
-2101
15767
-111
-18047
-24591
16972
9999
-25767
-17431
-27860
12186
9836
-12970
10495
800
10356
6481
-2163
24531
17358
-7680
21195
-6467
-24964
-10398
-1489
2707
-2088
-3936
14762
-22102
4336
-14477
3789
14466
-8094
14160
8229
1299
8413
22548
-14666
-10424
-27917
4189
-17229
-21382
-8448
27453
6571
-2917
1222
7746
-13460
-23639
-19740
21497
-11073
10527
-27543
-15510
104
19362
21780
12985
25793
-26796
9335
-25727
10272
-19429
-1080
-21721
16070
-5353
-10775
8960
-6162
3709
-17704
-26980
-24669
782
12193
-20523
-6560
-3449
-8532
4358
-25754
-13670
-23783
24329
9899
6556
-3358
-5914
16937
-9099
-19258
-13668
17870
11878
-1402
-4850
-21908
-12805
-6961
24945
-27488
-12950
-20233
-18650
-18446
7125
-17516
-20595
-7007
-1890
13621
22280
26495
-17380
-19018
1548
-8862
-23929
-24241
-1576
1708
-14773
12383
20589
-6092
-11461
-972
-21473
4928
3376
-18250
1284
3599
-15462
-12976
16931
324
-18748
-4294
27833
11807
20507
23652
-3478
-18499
-26036
16078
-632
-11014
-27083
-26474
-15683
10443
-21744
352
-27754
-19282
40
-25722
-5441
-5930
22143
-12569
-18839
-19992
15241
-810
16654
-15514
20342
25956
14481
19349
-12907
-2465
-13218
-25098
-14814
22409
21893
-17663
24019
18582
-16444
3224
-26698
-15067
-23120
7006
-3821
-26802
11581
6887
17847
20463
10754
4580
-23580
1636
-8328
-10391
5945
-9017
-8219
-18329
12555
-2222
16007
-7263
26529
7085
-17343
23108
1639
24842
21760
4953
5852
-18999
4138
-9181
9973
-5974
26501
20549
-20083
13499
10059
-4461
-10019
15749
3801
22723
-23046
-18955
-11987
-7184
-18935
20125
3967
-9466
-19476
-16104
-17149
-13340
26488
-12216
-9795
-24358
-11812
-2632
-6358
4403
19090
-9078
15719
11950
1711
8699
252
-21464
-5438
20841
5474
-14876
16137
-23171
15427
15613
-27737
-24042
-2950
-14427
-23471
22067
-25903
7052
7076
18060
-15364
-22371
-12514
6056
14980
20775
8494
12681
-16100
3881
-5221
-982
4893
5084
-20900
-21231
-3994
-13759
21767
-12212
10797
-24040
3577
2584
-24897
16376
27194
21615
-15483
18540
-26709
26895
4458
19364
-9048
-25745
-5284
2498
4704
9332
-4317
13283
23001
22854
8130
308
-17571
10192
11337
-25375
19891
-20288
26377
10184
5405
-11868
6151
26902
23404
-26863
-25490
20649
1382
-9172
-26566
-683
17574
17484
4117
-26529
-7551
5601
5036
268
1187
-24991
-24661
12648
15841
-16712
-27615
26212
-17030
13004
-14237
-5715
-13183
-2750
19444
1550
8778
2789
-13848
7112
674
-22555
-4172
12059
7779
-8444
-15675
14650
-24607
-9217
3806
19226
-3586
13801
6540
11341
-17821
22518
15480
23198
-8484
-2662
-17764
22513
-14527
-24553
5882
-24521
-22803
20215
18856
11897
-5758
21011
-20860
23374
-21601
-12664
-1080
-10815
15710
-18009
24622
24036
-10323
132
-12701
-4743
-22084
-13877
-239
1197
3978
-6217
-15354
-3537
9958
2863
-10247
-6314
-19216
17022
-24800
-27645
13014
-724
-26158
-23477
4545
2703
-16358
10238
1214
-6557
25034
18782
-12813
16230
-16399
-27390
20033
-27932
20194
18845
6551
1272
27424
-16083
26178
15661
-4999
17572
17955
-24557
-1527
-22809
20625
-17575
19590
19716
10167
10403
16428
13968
-11568
-8569
-25482
-7804
-23214
21681
-27645
-12114
-18653
-5320
12064
16016
-26939
-17724
-26559
-7709
-10420
-23404
19548
-4983
-20230
-3491
-5642
3455
-3423
8909
-18908
-17817
-12497
25074
74
-11435
9703
-24606
14059
-8305
20303
-8996
18428
-25314
-3581
20071
-10931
-18492
13553
-10497
-22225
10986
19651
17436
-5093
-25314
-4367
-16558
-13374
-5667
-25972
5927
-27346
-24382
27782
-19737
-25208
16044
-12922
-12428
-14045
5737
-4900
-20954
6780
-23232
-25717
5136
-5562
22308
-2828
-21259
26130
9497
-24432
8682
-19061
5826
258
-11986
-27100
20886
-22229
9
-12133
14618
-13277
-953
8712
26609
10799
-5336
-14713
10475
3087
16247
-10159
25123
9930
17023
-25700
-19019
-5607
10357
-448
10565
448
19745
26772
-9012
-15364
-14399
-12571
17366
12191
460
-12130
17368
14915
-2909
4920
-18586
18848
6657
25780
21759
15482
-12139
4533
19285
-14974
-1116
20708
-26076
3022
-23341
15922
-9300
13102
-20310
14780
27030
3587
-5321
621
-7993
-25303
25623
-14250
-3514
17639
18251
20280
13784
-6532
-1338
-16223
-10017
-16829
13103
7093
-15912
16341
-20525
23565
-24865
23737
-24936
8594
20367
-13707
-5750
10290
21432
-4768
-7115
3423
21546
-25180
-10867
5230
-11834
22924
-7125
-3230
-6721
22185
4510
13874
13583
-27877
3606
13374
27003
24906
-20276
-4200
-26888
10937
7834
16712
-11945
-11168
12093
9586
-21663
5187
14195
17662
25906
-24587
890
-1157
-21039
3574
-21689
3442
5198
-502
14570
22024
1947
-23655
10243
-7699
-19913
-26647
-10425
20771
-26595
-4560
-25115
9858
-17079
17064
-4133
16111
-10717
22583
-158
13179
-17674
13494
16952
-739
1050
16708
-18615
14650
-9045
694
-14904
21243
-15164
-9913
-25297
2225
12646
-25347
-25601
7677
-27615
-13718
12400
8575
3058
-6017
-949
18018
4632
15636
13968
13543
27068
503
7901
1448
13473
1638
-4681
18586
-9064
-10553
-7064
26108
-22264
20322
140
14777
20888
22529
17570
2766
-24754
-25866
-14289
16237
-14890
7556
-25105
-19953
3522
-514
6242
12437
-19405
-19311
-399
17766
-1354
5189
342
-2384
-23314
-21363
-27625
20729
25769
-20878
598
13204
-1742
19669
6242
5996
1554
1639
-13491
-4159
-11878
7966
4785
-24587
8676
3155
-25486
-5932
-4967
14572
-16915
-9407
-20103
13903
11697
-12898
-13701
-12068
-26250
-10422
-24427
-20801
-20988
20478
9124
-22535
-5181
-2545
12311
-16235
-22146
-11316
3210
13055
27638
-8227
-8571
-160
-7063
2857
-9832
5549
6130
2163
7825
-27246
638
-5683
14107
-13278
20178
16333
6647
22907
-16394
-19920
-17253
27541
-10938
-15293
-8259
6761
-5563
-20881
9577
24075
8131
27708
16388
-24539
5499
4070
-20467
-19352
19674
6638
15474
-20890
-7444
19220
26482
6739
-2887
25943
-11495
-19350
789
25208
-6713
24345
-6945
-11678
5289
-14768
18034
785
12679
-20545
-26820
14820
-14901
-25616
20006
27939
7255
2018
-23558
4306
8657
3987
5809
26071
-12503
-21224
20251
4215
-27265
7304
-26478
19724
8763
26809
-17952
-566
19778
-8837
21683
1988
24766
-8973
-14125
22386
-19739
-13871
-1846
23747
-18715
-8803
-12718
27415
20979
16852
680
24738
13430
6547
10018
3927
-18368
13141
10101
1060
-25520
-20338
-25755
4552
-27573
8617
-16251
6370
-1671
-8382
-26369
14907
-651
18038
3046
-10476
-6865
-7732
14648
-26390
3294
-1377
-23067
13545
3652
-17827
-17092
20133
-14140
13887
-540
10211
-21675
-10920
-21014
-25199
9915
23225
19767
-20010
-11966
-7233
24891
-9359
-23659
-4392
-24378
4497
-10591
6503
-21964
-10256
-14652
-21177
-18493
-14505
2230
25918
8841
27940
-4985
-10210
8810
10118
21955
-11799
-2881
-24939
15065
-5023
25409
15631
-7785
4059
-20346
1312
19765
-19390
-389
-7956
7974
4415
14780
-27783
-8284
3765
15020
25717
-17168
9472
-15822
-3889
-9601
26362
-1119
-3131
-23028
4532
-20973
22878
-17254
12068
-6172
17434
-11928
-16066
-16916
-4320
-10847
-4844
18846
17866
8411
19739
-21953
-22286
-5198
8715
-849
-16438
-23946
20143
7100
14704
-17351
-24139
24241
23878
21961
5562
-23829
11870
-7442
-9683
-3383
26862
-265
-15978
15792
11637
3376
14711
-5372
-5318
-21601
5005
26650
-1712
-12206
-560
27808
-4364
-11433
-18607
-7382
-25222
14196
6071
-5302
-21665
-3601
11711
-6064
-16521
-10853
25567
14039
-12907
-14565
8224
19646
8572
10739
24053
-21217
-21080
-10023
-14824
12093
9280
26832
6450
-554
26070
17121
14948
2273
10174
-11338
22631
-4542
-13040
-6147
-9363
9300
-16002
2293
-24117
-10120
-7948
3905
-837
27353
-79
17164
1379
17741
582
27955
9209
6394
-19810
16601
17431
24103
25652
5427
12348
-13010
-183
25346
-18855
10909
7844
666
-1001
8303
-27424
27367
-12764
20271
-16203
18586
-21119
14207
12642
-3119
1011
-21336
6991
3610
-11446
22667
25542
-11934
17467
-15569
27749
26513
-19198
91
-15440
-15369
27093
20138
11689
-23058
1613
-2665
317
9317
9488
17773
1661
-9912
-8050
-9721
10411
27510
22642
3393
4804
3197
69
26091
14636
-1353
20913
8809
13512
-8741
10630
-12406
8783
24628
3972
-15402
14478
-14845
-23050
27506
12632
-5877
1579
4792
4568
12060
19138
10864
26283
2172
23483
-16236
11013
-20814
-24663
24885
-14235
-13345
-22115
1243
27028
-13218
-15632
1446
-11584
-21553
-12955
24220
-26906
239
-6597
21705
22114
-12033
-19228
-23473
-21644
-26509
5062
-9330
16355
-14607
5296
-5123
-24388
2742
-379
23797
-8969
-12253
22934
-5067
-19551
27218
8747
15048
-10144
-18333
-13483
-17096
-1813
-10807
-26144
20174
-15769
-18807
15111
4082
8511
-7253
-11761
-8593
-20980
12533
11970
-16720
-3620
-12617
-25856
23600
9740
26670
24077
27420
19283
12679
14456
-11423
14394
-5050
-1798
18750
-13029
6966
-3250
-3820
-23384
8561
13327
-24126
7839
6705
13405
-26439
27939
19826
6952
1590
-22641
-13632
-1861
962
-21997
18001
24422
-10565
-24343
4339
-13513
-1543
-18481
19536
9070
20609
9670
-9708
10149
26789
10846
10904
1670
-18341
-23760
-17464
-3717
6507
5754
-13619
-18394
22250
-13445
7736
-11429
-4377
-27625
14934
-6875
2762
-22532
-14314
-5859
-19186
5913
-14291
3056
12653
6503
2833
-7423
-16930
14382
3128
-22310
8503
881
-22653
17870
-17135
18020
-15659
22759
-23233
-19181
-5880
-3806
14848
-9350
1308
-12134
24367
15488
8465
-9482
11159
3878
-12303
17540
11952
-7027
13016
-21000
16674
-3077
5707
-15404
-17819
16209
-2834
-3039
24927
-20600
3817
5402
-4902
-5655
-16887
-855
7473
-4176
27445
5330
-11792
18606
-22438
-15159
-23333
7753
21470
-4058
2080
25155
16642
-15701
-10643
-9913
-12655
-12097
-26391
-1153
24350
-15800
-3022
-14584
-5815
-9082
24996
-21280
-21490
-6551
-21176
1976
14947
-1421
9946
18652
-24409
27823
16258
23990
16218
-19992
14397
5340
-12997
-6687
-15260
27408
-24613
-26341
-5801
-16333
-9891
-25250
13145
-11882
21567
17988
12980
15834
-513
7674
25163
19885
1544
12719
18510
15217
15285
8653
-21145
17251
5552
-17137
22755
-7328
-3796
-21950
-25283
-4665
423
17379
1806
1445
12698
-12179
-4051
1216
-11282
-9651
-26803
10361
987
-27799
-11177
-17364
-12192
-8995
20075
21553
-24646
27489
-15104
-24092
-759
-22243
-20877
16592
-23760
15523
-16123
-9509
-18580
-11918
-6059
-11887
-21893
-3640
6111
24759
22587
-25230
20005
5400
-12040
-18440
16150
5842
632
21624
20878
12212
21732
-23778
18855
-4133
-5778
-22266
-7646
19627
-7146
10589
-16339
-26214
1348
-9149
-11923
-19445
11178
17270
9149
14699
-11737
-2470
-20233
11205
19283
-22301
-13913
-1507
-16395
-4660
10973
4469
-8687
-26202
4544
14448
-20015
-4810
23249
14923
-16648
-3977
-10388
14643
-15647
15995
-16650
12053
-4714
-21175
22869
-3928
19167
-22744
19862
-16348
-14098
-12482
17702
-21677
-5046
-14811
799
19368
5498
12768
-3409
-23222
21892
25374
-9528
24339
21495
-1802
-179
26069
-24168
6799
9274
-20677
27212
-18630
-1756
6559
-3225
-7249
-20305
26772
24510
17711
-5425
-10375
902
-20023
26882
22451
-298
-1837
12614
-24237
-14928
-373
-13051
19113
18407
2329
-21482
-16857
17609
11672
14479
-1987
-22271
-8909
5401
26468
-8186
-1190
-22868
-11395
-6735
-24415
-1741
-26058
10638
-17206
-4900
4458
24442
-16726
-7655
-17134
12914
16256
25960
-13055
-9063
-5428
5866
19803
-1359
5369
-9919
5874
-2863
-12216
-27404
-3470
25818
-21372
-6509
26172
3089
-10322
18223
-8171
-23451
-25193
27760
-23338
-14667
9142
24064
23541
-13549
-7064
-26656
6946
-15469
27194
-23593
22488
-19219
-13145
-3300
-24352
-632
-3773
-1342
-6732
4559
-15027
-13532
-21448
-25763
-10302
20108
16537
-16842
-12756
-6820
11204
13317
-1514
-3769
8265
-23746
13070
17337
-471
-23638
-3844
-18122
16540
11884
-11152
2496
-24731
473
4922
26820
-721
-3874
11569
-25474
-11850
-21089
862
13713
-6704
-10171
12758
17826
20179
4783
-11157
21530
18875
14165
-3881
17138
-945
-15537
-7827
15657
25821
-7532
26367
504
-11883
-19306
-26035
-11902
5545
-6375
-581
18523
-21714
-13874
-16631
-27684
-22507
-25684
-5629
-13879
-14331
-584
20015
-9633
6754
-21315
6750
-19319
-16202
-24910
-20287
-26783
2009
8105
-8923
10275
-6443
23690
15481
16513
-21381
16265
-7083
-25124
15231
-27126
-10945
-6209
-16869
-13822
4328
15636
9451
-22975
10036
26414
14790
-14846
2174
-8431
21086
-24662
-20170
23778
-2452
5095
-3769
16332
-10701
16581
18394
-15440
-27784
8696
-20424
6397
-20523
14593
-11311
-3778
26846
-14503
14024
21487
-25583
15337
13354
-21116
27553
-17422
2041
-15277
17871
27879
-20854
-14703
-6140
797
14685
-13416
18979
27143
-21350
-14500
11096
7904
1817
20383
4873
-17173
-27344
1434
-10413
23395
12525
-9889
4794
-6349
6905
-25451
23062
3849
-11114
-4445
-9327
24522
20166
6639
-17946
-12664
19195
155
-5649
-26614
-21304
-23697
-14319
-6887
14708
11791
-11115
-5600
6694
6201
-22418
-24139
-5323
-25568
12176
-14262
-8682
9270
-18821
755
-23936
18497
22054
-14301
21639
-9721
20245
3682
-8876
-4518
-11179
14883
-11531
-23466
-26797
-19149
-19320
-22618
-9748
7
-2821
7206
3762
-25279
-3701
-24443
-1135
25936
-25507
24213
-23090
-17682
-21086
13442
-3782
-17588
-7013
-25415
-25263
-3883
-588
-11688
15068
-665
-11708
-5514
7789
14116
-14807
24113
1254
-15650
-11331
23159
-16318
19835
-11080
16198
-8235
-19786
-16921
-8178
-5513
13482
10359
-27023
-27000
23075
20888
-20109
-1914
20496
909
6524
16354
-4200
18370
20126
25671
16812
27953
-23503
5295
-13499
5203
-12336
-9904
2125
-16974
14359
22579
-9080
-9008
23384
22322
-15829
-9324
-4416
-9541
-14728
-21234
-8495
-6522
-6471
-22685
27274
-18682
9454
-18547
-3548
-14057
-20376
3271
-17696
-10355
-10400
7516
-3976
-8217
-2149
27264
2710
13310
4636
-15349
14453
-10619
7381
25204
-18472
19478
5576
12359
16341
-3819
14079
12443
21529
-22732
-25567
-27436
5506
-24853
-16179
20049
-20323
-3388
21954
-3478
-8842
-10450
12110
12947
4587
-27062
-2829
10915
26086
3226
9522
11976
-16296
-6014
19697
19742
-21537
27671
-19968
-98
-15616
-9020
-16983
-25544
21636
2951
-9046
-23381
-9927
-15256
26836
-4782
2717
-2736
11373
25212
15937
-26504
7178
14425
-27558
-14212
-16540
-12245
-17145
18889
-26652
20819
-7199
-14081
5995
-27535
18009
-4116
-3307
14031
4678
-13523
6313
-654
18366
39
16147
19725
-14986
3963
-21444
8709
-9899
1559
-3626
7302
13684
-7743
9993
2374
-3390
9162
-20471
-7278
-26668
8955
1085
-16607
-5376
26379
13030
-25759
-11000
26755
11726
5555
3444
13391
-10636
14070
-22198
16378
-4315
-3818
19096
-14841
9697
-7236
-3484
27697
-19795
1654
5408
17158
-2893
24280
-25418
23957
-25539
17184
-15974
25908
-21457
-22801
-20937
1893
-7847
6016
-7109
-5528
-19467
11739
-23553
-10763
14413
-14322
22606
21963
9426
-22025
-8390
-3281
-8615
5071
14018
-20178
24034
1441
-2556
-21082
-23273
-19027
17620
19033
-16035
3519
-14616
-24583
-21559
-11313
-17641
-23305
12492
17601
-26188
-12322
23105
-3281
903
-9626
5082
25778
5424
-22236
-17934
2343
16627
9436
8400
-18930
1239
-15748
-8402
10724
-13345
-9936
-5623
-3727
-25055
-21571
15055
-3983
18162
-27848
-26703
-15994
-433
-7299
-17833
25113
22481
18955
23902
-10255
24183
-5668
-462
12157
-10702
-20061
-8394
-21804
-21701
-11773
-13076
24687
1366
-22726
-23484
-16486
17708
-17926
-6545
-19768
-15950
-22505
-8939
18860
-19324
-8824
14839
-14375
-2444
16832
-27849
-10240
-14568
-8654
-4407
-17132
-8335
-25098
20215
-9424
21090
131
10470
-11028
-2999
13142
-24116
15
-23685
-22439
17968
-24731
22317
3320
18327
-487
-1879
-15766
5672
-14879
9163
-13387
20595
-9829
5817
-5610
6088
15597
-124
19456
25284
-1454
-21234
27076
24377
21981
27885
5813
5669
-25329
-20662
11162
-25035
26326
-16500
17033
-26463
15772
-2211
-5070
5782
-15341
-11043
19067
19369
23734
2735
-22371
-6412
-4703
-2699
12579
21996
-7400
-830
-26522
1081
-24664
-2027
-25867
26700
-20074
14138
-22615
-27157
-10438
-2401
-11023
-3576
-15736
27763
-16795
23257
-24102
-24466
24384
12279
-12204
20047
15685
-16185
16851
-18525
-21743
-27301
7451
-7871
-16841
8582
-10549
-9214
-5566
7350
19754
-4217
-8943
14414
8753
20304
-25943
-557
26311
-20017
-15300
-19651
3562
-6142
9299
-4368
-8722
-26872
-1287
22940
-18891
7856
20204
-3442
-5540
-10550
-3945
-22392
27899
25380
24233
-8178
27977
3000
-11950
-20350
-24764
1464
3999
13661
24203
1128
21690
8263
6549
-24409
17191
-8206
7400
18534
-23641
-21477
11074
15502
-847
-3642
-18299
19236
-13345
-24557
-16849
-24821
-6249
-9524
-9083
-10950
5509
5757
-1896
14542
11932
-7631
-5155
-8188
-5088
-23452
4447
-26524
-16599
-19735
-701
-9657
-23568
17609
-2956
-20276
1515
6539
14996
20041
20861
-20327
-1737
11346
-9346
-6930
22283
-951
-23101
19304
-22433
16636
-3539
26429
-18364
-6514
-1020
5371
18573
-5020
11292
-26194
-4117
-22846
-20180
-10545
9678
-6043
26346
15432
-25424
-20951
10601
21107
-22991
-25084
13191
-15261
-19250
-13733
3274
22338
-9246
26683
13408
19363
-14336
-25395
-16755
-19616
5717
-16948
-3795
6577
-17369
21524
3004
26650
25278
-12863
-1677
6218
-18219
-8243
24475
-5475
6244
-4437
14339
23410
-11614
-26229
-24505
-21715
10424
1444
18546
13416
-23109
11353
14183
-25450
13171
-3053
-1857
-11569
-14851
21046
25779
-24525
-22573
23723
-3437
-208
-10428
8935
-26766
-14101
-3353
-20667
3160
20085
17986
14520
-19143
4106
27693
4825
-2722
-19115
-25805
-9609
23878
-18597
4045
-428
-16134
-8633
21383
25452
-22791
-7950
2060
-17763
27168
7785
-16404
-8347
4506
20454
-26805
-17372
-13618
-24850
5749
-23199
27338
-5427
-21949
-16471
-8248
-27510
14475
-4239
26422
1254
-742
-15623
-12079
-11121
19779
-17272
-15105
-20538
-20136
3330
-24500
-15401
1491
5100
2008
-24907
-16272
-347
-2010
-23803
-1094
27685
15613
7851
-20706
-23212
8355
-22559
-9985
-3255
1771
14279
-21899
-7970
25384
13896
18194
10221
-4779
11745
-8270
7592
-22979
-7010
-6732
-5800
-17397
19966
-26274
-6220
2493
3214
-5702
23641
16593
21552
9580
-7389
-6174
-24681
22083
-27350
14564
18488
24237
11600
17227
15926
9677
-25529
19466
10038
17581
18936
-3729
252
16522
18859
-17298
-2610
-19979
-26440
-14527
18698
-6565
1222
-24834
2626
-2887
-24920
10468
15211
21756
-12537
13334
13930
-25890
-23666
1099
-27833
-4992
14300
-19209
-10270
-2737
-11030
17240
-23395
-4914
-11010
-10622
-27669
-20978
-19474
21226
-6681
-15224
-20490
26254
6347
10414
-5912
25950
25560
-5120
-7741
-13274
-12637
-22233
21272
18380
-7680
-19485
-1532
16417
27462
-3695
-24318
10080
21123
14021
4848
-27855
-2584
14369
7962
-18952
24293
24120
-15896
6717
-26749
-3950
11742
-10710
-5006
-16581
12990
26824
-6299
-11810
7337
6563
-6335
-5309
25459
-932
-2623
-4450
-18820
-13887
24321
-3215
26987
-25562
15650
10341
-27375
2229
27587
15127
19672
-11186
23762
9841
22755
-8660
-9861
-22310
-15803
24062
18651
-12262
2114
5888
-2168
308
15973
13928
-11250
-8014
-24146
9480
20565
11479
1131
-21443
-5939
20968
-152
-152
26896
1786
-15035
3649
-15140
22501
6681
14362
8540
-22639
-23586
-5369
22354
7774
7408
-302
-2882
2045
-15064
18149
-24620
6341
-3500
-20924
1775
-8165
2868
-21902
-23868
27156
9419
1344
13702
24892
-20886
24686
-27162
-15437
-140
24506
-10338
-906
1190
-13584
-19377
2826
-13059
-5605
-465
22534
-6923
23038
-3348
-1519
26057
9109
-15379
18277
25428
-10840
-15650
15564
-12399
-9256
2132
-9807
1437
-3363
-2747
-25355
9780
17191
14321
-23520
14503
-17753
-15004
-23703
25677
-9242
7765
19403
5536
14842
10031
-2486
9639
-12424
-25931
-25923
-4153
12735
15853
-6605
-7777
-1059
-5982
12206
425
-3150
-15164
22293
-24139
5683
-10035
-20882
6653
1744
-20661
27888
19623
6985
5339
-8067
-7975
9625
12377
14503
-16857
11075
-22947
-19611
10159
-2513
19893
-2194
22907
8819
22622
-14246
9370
-21964
16996
-22992
11142
18464
-23317
16423
25677
1528
17807
26998
27372
-23038
-19280
-1895
-19710
8031
-9867
-27539
-7157
7274
20328
-10969
-5127
20814
3257
21033
26196
-8177
6446
3223
-13200
-18873
27376