-27945
-27932
-27917
-27877
-27860
-27855
-27849
-27848
-27833
-27832
-27799
-27798
-27784
-27783
-27768
-27754
-27737
-27716
-27684
-27669
-27645
-27645
-27631
-27629
-27628
-27625
-27625
-27615
-27615
-27573
-27558
-27543
-27539
-27535
-27510
-27508
-27493
-27488
-27436
-27424
-27404
-27390
-27375
-27374
-27373
-27350
-27346
-27344
-27341
-27325
-27302
-27301
-27272
-27265
-27252
-27246
-27231
-27171
-27162
-27157
-27126
-27125
-27100
-27083
-27062
-27051
-27027
-27023
-27013
-27000
-26980
-26939
-26922
-26912
-26906
-26888
-26888
-26878
-26872
-26863
-26831
-26820
-26805
-26803
-26802
-26797
-26796
-26783
-26766
-26749
-26709
-26703
-26698
-26668
-26657
-26656
-26652
-26647
-26614
-26595
-26566
-26559
-26529
-26528
-26524
-26522
-26521
-26509
-26508
-26504
-26485
-26478
-26474
-26467
-26463
-26461
-26444
-26440
-26439
-26425
-26416
-26405
-26391
-26390
-26369
-26350
-26341
-26328
-26274
-26250
-26229
-26214
-26202
-26194
-26188
-26158
-26144
-26142
-26126
-26120
-26076
-26072
-26058
-26036
-26035
-25982
-25972
-25956
-25954
-25946
-25943
-25931
-25923
-25903
-25890
-25881
-25867
-25866
-25856
-25805
-25767
-25763
-25759
-25755
-25754
-25745
-25727
-25722
-25717
-25700
-25695
-25684
-25654
-25619
-25616
-25601
-25583
-25568
-25567
-25562
-25544
-25539
-25529
-25523
-25523
-25520
-25507
-25507
-25490
-25486
-25482
-25474
-25473
-25451
-25450
-25436
-25424
-25421
-25418
-25415
-25395
-25388
-25375
-25355
-25347
-25329
-25314
-25314
-25303
-25297
-25283
-25279
-25263
-25250
-25230
-25222
-25208
-25199
-25193
-25180
-25143
-25124
-25115
-25105
-25098
-25098
-25084
-25055
-25035
-24991
-24964
-24948
-24939
-24936
-24920
-24910
-24907
-24897
-24865
-24853
-24850
-24834
-24821
-24807
-24800
-24778
-24764
-24754
-24731
-24731
-24681
-24669
-24664
-24663
-24662
-24661
-24646
-24626
-24620
-24613
-24607
-24606
-24591
-24587
-24587
-24583
-24564
-24557
-24557
-24553
-24551
-24539
-24525
-24524
-24521
-24505
-24500
-24487
-24468
-24466
-24443
-24432
-24427
-24417
-24415
-24409
-24409
-24388
-24382
-24378
-24358
-24352
-24343
-24318
-24241
-24241
-24237
-24237
-24211
-24168
-24146
-24145
-24139
-24139
-24139
-24126
-24119
-24117
-24116
-24102
-24092
-24057
-24042
-24040
-23997
-23946
-23936
-23929
-23868
-23861
-23829
-23803
-23791
-23784
-23783
-23778
-23760
-23760
-23758
-23746
-23703
-23697
-23685
-23666
-23659
-23655
-23641
-23639
-23638
-23593
-23586
-23580
-23568
-23558
-23553
-23520
-23503
-23484
-23477
-23473
-23471
-23466
-23452
-23451
-23404
-23395
-23384
-23381
-23341
-23338
-23333
-23317
-23314
-23309
-23305
-23275
-23273
-23248
-23233
-23232
-23222
-23214
-23212
-23199
-23171
-23133
-23120
-23109
-23101
-23090
-23067
-23060
-23058
-23050
-23046
-23038
-23028
-22992
-22991
-22979
-22975
-22947
-22868
-22846
-22809
-22803
-22801
-22791
-22754
-22744
-22732
-22726
-22724
-22685
-22653
-22641
-22639
-22618
-22616
-22615
-22582
-22573
-22559
-22555
-22535
-22532
-22507
-22505
-22462
-22439
-22438
-22433
-22418
-22393
-22392
-22371
-22371
-22310
-22310
-22301
-22286
-22271
-22271
-22266
-22264
-22243
-22236
-22233
-22229
-22228
-22225
-22198
-22195
-22183
-22178
-22146
-22142
-22118
-22115
-22102
-22084
-22025
-21997
-21971
-21964
-21964
-21953
-21950
-21949
-21936
-21908
-21902
-21899
-21897
-21895
-21893
-21804
-21777
-21744
-21743
-21721
-21715
-21714
-21701
-21689
-21677
-21675
-21666
-21665
-21663
-21644
-21601
-21601
-21595
-21576
-21571
-21559
-21553
-21545
-21537
-21490
-21482
-21477
-21473
-21464
-21457
-21455
-21448
-21444
-21443
-21382
-21381
-21372
-21363
-21350
-21336
-21315
-21304
-21299
-21280
-21259
-21254
-21234
-21234
-21231
-21224
-21223
-21222
-21217
-21206
-21193
-21190
-21188
-21177
-21176
-21175
-21145
-21130
-21119
-21116
-21091
-21089
-21086
-21082
-21080
-21039
-21014
-21000
-20988
-20980
-20978
-20973
-20954
-20951
-20937
-20929
-20924
-20905
-20901
-20900
-20890
-20886
-20882
-20881
-20878
-20877
-20866
-20860
-20854
-20814
-20801
-20743
-20732
-20706
-20677
-20675
-20667
-20662
-20661
-20601
-20600
-20595
-20566
-20545
-20538
-20525
-20523
-20523
-20490
-20488
-20486
-20471
-20467
-20443
-20424
-20376
-20352
-20350
-20348
-20346
-20338
-20327
-20326
-20323
-20310
-20309
-20305
-20288
-20287
-20276
-20276
-20233
-20233
-20230
-20211
-20206
-20180
-20178
-20173
-20170
-20136
-20109
-20105
-20103
-20083
-20074
-20061
-20023
-20017
-20015
-20010
-19992
-19992
-19989
-19979
-19968
-19953
-19942
-19926
-19920
-19913
-19857
-19824
-19816
-19810
-19801
-19795
-19786
-19781
-19768
-19740
-19739
-19737
-19735
-19710
-19692
-19651
-19650
-19647
-19616
-19611
-19594
-19551
-19531
-19522
-19485
-19476
-19474
-19467
-19445
-19429
-19413
-19405
-19390
-19377
-19352
-19350
-19348
-19324
-19320
-19319
-19311
-19306
-19282
-19280
-19280
-19258
-19250
-19228
-19219
-19219
-19216
-19209
-19198
-19193
-19186
-19181
-19163
-19149
-19143
-19115
-19107
-19094
-19069
-19061
-19030
-19027
-19019
-19018
-18999
-18955
-18952
-18935
-18930
-18908
-18899
-18891
-18873
-18864
-18855
-18839
-18821
-18820
-18807
-18773
-18748
-18715
-18698
-18690
-18682
-18653
-18650
-18630
-18615
-18607
-18597
-18586
-18580
-18547
-18545
-18525
-18499
-18493
-18492
-18481
-18472
-18446
-18440
-18423
-18394
-18368
-18364
-18341
-18333
-18329
-18299
-18265
-18250
-18219
-18122
-18115
-18094
-18047
-18009
-18003
-17959
-17952
-17946
-17934
-17926
-17833
-17827
-17821
-17819
-17817
-17770
-17764
-17763
-17753
-17724
-17704
-17696
-17682
-17674
-17663
-17641
-17609
-17609
-17590
-17588
-17575
-17571
-17516
-17486
-17464
-17463
-17431
-17422
-17397
-17391
-17380
-17372
-17369
-17364
-17362
-17351
-17343
-17298
-17272
-17254
-17253
-17229
-17213
-17206
-17173
-17168
-17149
-17145
-17137
-17135
-17134
-17132
-17112
-17096
-17092
-17079
-17032
-17030
-16983
-16974
-16956
-16948
-16930
-16922
-16921
-16916
-16915
-16887
-16887
-16869
-16857
-16857
-16849
-16842
-16841
-16829
-16795
-16773
-16755
-16726
-16720
-16712
-16662
-16650
-16648
-16641
-16631
-16607
-16599
-16581
-16558
-16540
-16521
-16500
-16486
-16471
-16458
-16444
-16438
-16404
-16399
-16395
-16394
-16358
-16348
-16339
-16333
-16318
-16296
-16272
-16251
-16236
-16235
-16223
-16203
-16202
-16185
-16179
-16140
-16134
-16123
-16115
-16104
-16100
-16083
-16066
-16035
-16035
-16033
-16010
-16010
-16002
-15994
-15978
-15974
-15965
-15950
-15912
-15896
-15862
-15843
-15836
-15829
-15822
-15803
-15800
-15779
-15769
-15766
-15766
-15748
-15736
-15701
-15691
-15683
-15675
-15659
-15650
-15650
-15647
-15647
-15632
-15623
-15616
-15570
-15569
-15537
-15521
-15514
-15510
-15504
-15483
-15469
-15465
-15464
-15462
-15447
-15440
-15440
-15437
-15404
-15402
-15401
-15379
-15369
-15364
-15364
-15354
-15349
-15341
-15300
-15293
-15277
-15261
-15260
-15256
-15224
-15164
-15164
-15159
-15140
-15139
-15120
-15110
-15105
-15104
-15094
-15067
-15064
-15035
-15027
-15004
-14986
-14974
-14928
-14905
-14904
-14901
-14890
-14879
-14876
-14869
-14858
-14851
-14846
-14845
-14841
-14824
-14814
-14811
-14807
-14797
-14773
-14768
-14757
-14733
-14732
-14728
-14713
-14703
-14667
-14666
-14652
-14616
-14607
-14584
-14583
-14568
-14565
-14527
-14527
-14505
-14503
-14500
-14489
-14477
-14427
-14415
-14399
-14375
-14336
-14331
-14322
-14319
-14314
-14303
-14301
-14291
-14289
-14262
-14250
-14246
-14237
-14235
-14234
-14232
-14212
-14140
-14139
-14125
-14110
-14101
-14098
-14081
-14057
-14045
-13992
-13913
-13889
-13887
-13879
-13877
-13874
-13871
-13848
-13824
-13822
-13789
-13759
-13733
-13718
-13707
-13701
-13679
-13670
-13668
-13632
-13619
-13618
-13584
-13577
-13549
-13532
-13523
-13513
-13499
-13491
-13488
-13483
-13461
-13460
-13445
-13416
-13387
-13385
-13374
-13345
-13345
-13345
-13340
-13297
-13288
-13283
-13278
-13277
-13274
-13257
-13218
-13218
-13200
-13183
-13145
-13128
-13124
-13087
-13076
-13059
-13055
-13051
-13040
-13029
-13010
-12997
-12976
-12970
-12955
-12950
-12948
-12922
-12907
-12907
-12898
-12882
-12872
-12871
-12863
-12813
-12805
-12802
-12764
-12756
-12718
-12701
-12664
-12664
-12655
-12637
-12617
-12571
-12569
-12537
-12520
-12514
-12503
-12503
-12497
-12490
-12482
-12475
-12428
-12424
-12406
-12399
-12356
-12349
-12336
-12322
-12303
-12281
-12262
-12253
-12245
-12238
-12216
-12216
-12215
-12212
-12206
-12204
-12192
-12179
-12139
-12134
-12133
-12130
-12114
-12097
-12081
-12079
-12068
-12040
-12033
-11987
-11986
-11966
-11950
-11945
-11934
-11928
-11923
-11918
-11902
-11887
-11883
-11882
-11878
-11868
-11850
-11834
-11812
-11810
-11805
-11802
-11799
-11792
-11773
-11761
-11758
-11737
-11723
-11708
-11707
-11688
-11684
-11678
-11660
-11614
-11584
-11569
-11568
-11550
-11531
-11509
-11497
-11495
-11461
-11446
-11435
-11433
-11429
-11423
-11395
-11377
-11354
-11338
-11331
-11316
-11313
-11311
-11282
-11250
-11233
-11212
-11202
-11200
-11186
-11179
-11177
-11168
-11157
-11157
-11152
-11127
-11121
-11115
-11114
-11080
-11078
-11073
-11043
-11030
-11028
-11023
-11014
-11010
-11000
-10978
-10969
-10950
-10945
-10938
-10931
-10920
-10867
-10853
-10847
-10840
-10815
-10807
-10789
-10775
-10774
-10763
-10717
-10710
-10702
-10701
-10684
-10643
-10636
-10622
-10619
-10591
-10565
-10553
-10550
-10549
-10545
-10497
-10476
-10450
-10438
-10428
-10425
-10424
-10422
-10420
-10413
-10400
-10398
-10391
-10388
-10386
-10382
-10375
-10355
-10338
-10323
-10322
-10302
-10270
-10256
-10255
-10247
-10240
-10210
-10171
-10159
-10144
-10120
-10035
-10023
-10019
-10017
-10005
-9985
-9936
-9927
-9919
-9913
-9913
-9912
-9904
-9899
-9899
-9891
-9889
-9867
-9861
-9832
-9829
-9815
-9807
-9795
-9772
-9748
-9721
-9721
-9708
-9688
-9683
-9657
-9651
-9646
-9633
-9626
-9609
-9601
-9542
-9541
-9528
-9524
-9509
-9495
-9482
-9472
-9466
-9424
-9407
-9363
-9361
-9359
-9350
-9346
-9330
-9327
-9324
-9300
-9287
-9256
-9246
-9242
-9217
-9214
-9214
-9207
-9181
-9172
-9149
-9099
-9083
-9082
-9080
-9078
-9064
-9063
-9048
-9046
-9045
-9020
-9017
-9012
-9008
-9008
-8996
-8995
-8973
-8969
-8943
-8939
-8923
-8918
-8909
-8898
-8876
-8862
-8842
-8837
-8829
-8827
-8824
-8803
-8798
-8748
-8741
-8722
-8696
-8687
-8682
-8660
-8654
-8641
-8633
-8615
-8593
-8590
-8571
-8569
-8532
-8495
-8484
-8463
-8448
-8444
-8431
-8417
-8402
-8394
-8390
-8382
-8347
-8338
-8335
-8331
-8328
-8305
-8299
-8284
-8272
-8270
-8259
-8248
-8243
-8235
-8227
-8219
-8217
-8206
-8188
-8186
-8178
-8178
-8177
-8171
-8167
-8166
-8165
-8152
-8151
-8094
-8090
-8067
-8050
-8014
-8011
-7993
-7975
-7970
-7956
-7950
-7948
-7910
-7895
-7871
-7847
-7827
-7804
-7785
-7777
-7774
-7760
-7743
-7741
-7732
-7719
-7709
-7699
-7680
-7680
-7655
-7646
-7631
-7557
-7551
-7538
-7532
-7522
-7444
-7442
-7423
-7400
-7389
-7382
-7335
-7328
-7299
-7278
-7263
-7257
-7253
-7249
-7242
-7236
-7233
-7199
-7184
-7157
-7153
-7150
-7146
-7134
-7125
-7115
-7110
-7109
-7106
-7090
-7083
-7064
-7064
-7063
-7045
-7027
-7013
-7010
-7007
-6961
-6945
-6930
-6923
-6921
-6919
-6895
-6887
-6887
-6875
-6865
-6855
-6827
-6820
-6735
-6732
-6732
-6721
-6713
-6704
-6687
-6681
-6658
-6605
-6601
-6597
-6573
-6565
-6560
-6557
-6551
-6545
-6532
-6522
-6514
-6509
-6503
-6471
-6467
-6443
-6417
-6412
-6399
-6375
-6358
-6349
-6335
-6322
-6314
-6299
-6298
-6249
-6220
-6217
-6209
-6185
-6174
-6172
-6162
-6147
-6142
-6140
-6104
-6092
-6064
-6059
-6043
-6017
-6014
-6001
-5982
-5974
-5962
-5939
-5932
-5930
-5914
-5912
-5880
-5877
-5859
-5844
-5831
-5818
-5815
-5801
-5800
-5798
-5778
-5758
-5750
-5745
-5732
-5720
-5715
-5702
-5683
-5668
-5667
-5655
-5649
-5642
-5636
-5635
-5629
-5624
-5623
-5610
-5607
-5605
-5600
-5566
-5563
-5562
-5540
-5533
-5528
-5514
-5513
-5475
-5475
-5441
-5438
-5430
-5428
-5427
-5425
-5402
-5376
-5372
-5369
-5353
-5336
-5323
-5321
-5320
-5318
-5309
-5302
-5284
-5252
-5221
-5209
-5198
-5181
-5155
-5127
-5123
-5120
-5093
-5088
-5070
-5067
-5050
-5046
-5031
-5023
-5020
-5014
-5006
-5001
-4999
-4992
-4985
-4983
-4973
-4967
-4933
-4914
-4902
-4900
-4900
-4850
-4848
-4844
-4810
-4784
-4782
-4779
-4768
-4743
-4714
-4703
-4702
-4681
-4665
-4660
-4571
-4569
-4560
-4542
-4518
-4461
-4450
-4445
-4437
-4419
-4416
-4407
-4392
-4377
-4368
-4367
-4364
-4354
-4320
-4317
-4315
-4294
-4290
-4239
-4217
-4200
-4200
-4176
-4172
-4159
-4153
-4136
-4133
-4133
-4117
-4116
-4097
-4058
-4054
-4051
-3994
-3983
-3977
-3976
-3950
-3945
-3936
-3932
-3928
-3889
-3883
-3881
-3874
-3844
-3821
-3820
-3819
-3818
-3806
-3796
-3795
-3792
-3782
-3778
-3773
-3769
-3769
-3729
-3727
-3717
-3710
-3701
-3695
-3642
-3640
-3626
-3620
-3601
-3588
-3586
-3581
-3576
-3548
-3539
-3537
-3521
-3514
-3500
-3491
-3486
-3484
-3478
-3478
-3470
-3449
-3445
-3442
-3437
-3423
-3418
-3409
-3390
-3388
-3383
-3363
-3358
-3353
-3348
-3307
-3300
-3287
-3281
-3281
-3268
-3260
-3255
-3250
-3230
-3225
-3215
-3150
-3131
-3119
-3077
-3053
-3039
-3022
-2999
-2956
-2950
-2917
-2910
-2909
-2893
-2887
-2887
-2882
-2881
-2863
-2834
-2829
-2828
-2821
-2750
-2747
-2737
-2736
-2722
-2717
-2703
-2699
-2665
-2662
-2632
-2623
-2610
-2598
-2584
-2556
-2545
-2513
-2493
-2486
-2470
-2467
-2465
-2452
-2444
-2401
-2384
-2366
-2353
-2346
-2222
-2211
-2194
-2191
-2168
-2163
-2149
-2109
-2107
-2106
-2101
-2088
-2034
-2027
-2010
-1987
-1914
-1909
-1896
-1895
-1890
-1879
-1878
-1861
-1857
-1853
-1846
-1837
-1813
-1805
-1802
-1798
-1756
-1742
-1741
-1737
-1712
-1677
-1677
-1671
-1633
-1576
-1543
-1532
-1530
-1527
-1519
-1514
-1507
-1489
-1489
-1454
-1442
-1421
-1402
-1377
-1359
-1354
-1353
-1342
-1338
-1287
-1190
-1177
-1176
-1157
-1155
-1153
-1135
-1119
-1116
-1095
-1094
-1080
-1080
-1076
-1059
-1020
-1001
-982
-972
-958
-953
-951
-951
-949
-945
-938
-932
-928
-906
-855
-849
-847
-837
-830
-810
-807
-759
-742
-739
-724
-721
-701
-687
-683
-669
-665
-654
-651
-638
-632
-632
-588
-584
-581
-566
-560
-557
-554
-540
-514
-513
-502
-487
-475
-471
-465
-462
-448
-433
-428
-402
-399
-389
-382
-379
-373
-347
-325
-302
-299
-298
-289
-276
-271
-265
-239
-208
-199
-183
-179
-160
-158
-152
-152
-140
-124
-111
-98
-79
-75
-49
7
9
15
39
40
69
74
91
104
131
132
140
155
239
252
252
258
268
269
290
308
308
317
324
335
342
352
374
399
423
425
436
448
460
473
503
504
507
539
553
582
598
621
632
638
666
674
680
694
755
772
782
785
789
797
799
800
839
862
881
890
902
903
908
909
962
984
987
1005
1011
1037
1039
1050
1060
1081
1085
1099
1102
1112
1128
1131
1148
1187
1190
1197
1214
1216
1222
1222
1237
1239
1243
1254
1254
1272
1284
1299
1308
1312
1340
1344
1348
1366
1379
1382
1434
1437
1441
1444
1445
1446
1448
1464
1491
1505
1515
1528
1529
1544
1545
1548
1550
1554
1559
1579
1581
1590
1607
1613
1613
1620
1636
1638
1639
1639
1654
1661
1670
1693
1707
1708
1711
1744
1771
1775
1786
1806
1817
1862
1876
1893
1940
1947
1976
1988
2008
2009
2018
2041
2045
2057
2060
2078
2078
2080
2114
2125
2131
2132
2163
2172
2174
2225
2229
2230
2235
2273
2293
2305
2317
2328
2329
2343
2374
2407
2474
2493
2496
2498
2557
2584
2626
2664
2703
2707
2710
2717
2730
2735
2742
2744
2744
2762
2766
2789
2826
2833
2857
2863
2868
2879
2911
2946
2951
2951
3000
3004
3022
3046
3056
3058
3080
3082
3083
3087
3089
3089
3101
3128
3140
3155
3155
3160
3165
3197
3210
3214
3223
3224
3226
3230
3236
3257
3271
3274
3287
3294
3320
3330
3337
3376
3376
3388
3393
3423
3442
3444
3444
3455
3519
3522
3526
3526
3534
3562
3566
3574
3577
3587
3599
3606
3609
3610
3620
3649
3650
3652
3675
3682
3688
3709
3718
3722
3740
3762
3765
3789
3801
3806
3817
3843
3849
3851
3855
3868
3878
3881
3905
3917
3927
3963
3967
3972
3978
3982
3987
3999
4026
4044
4044
4045
4058
4059
4070
4077
4082
4106
4117
4138
4189
4215
4219
4306
4328
4336
4339
4358
4389
4403
4415
4429
4447
4458
4458
4469
4497
4506
4510
4518
4532
4533
4544
4545
4545
4552
4559
4568
4580
4587
4619
4632
4636
4678
4704
4716
4719
4748
4773
4783
4785
4792
4794
4804
4825
4829
4848
4856
4873
4893
4920
4922
4928
4953
5005
5020
5036
5046
5055
5062
5071
5082
5084
5095
5096
5100
5136
5177
5185
5187
5189
5196
5198
5203
5230
5289
5295
5296
5330
5339
5340
5369
5370
5371
5400
5401
5402
5405
5408
5424
5427
5451
5474
5489
5498
5499
5500
5506
5509
5536
5545
5549
5552
5555
5562
5576
5587
5601
5651
5669
5672
5683
5707
5717
5737
5749
5754
5757
5758
5782
5788
5809
5813
5817
5826
5842
5847
5852
5866
5874
5882
5884
5888
5913
5919
5927
5945
5995
5996
6005
6016
6034
6056
6071
6088
6111
6117
6130
6151
6201
6218
6224
6242
6242
6244
6250
6305
6313
6336
6338
6341
6347
6370
6394
6397
6426
6446
6450
6481
6503
6503
6507
6513
6524
6539
6540
6547
6549
6551
6556
6559
6563
6565
6568
6571
6577
6590
6638
6639
6647
6653
6657
6673
6681
6694
6705
6717
6739
6750
6754
6761
6780
6799
6887
6893
6905
6939
6946
6952
6966
6985
6991
6991
7006
7052
7060
7076
7085
7093
7100
7104
7112
7116
7125
7178
7206
7255
7274
7302
7304
7308
7331
7337
7346
7350
7381
7400
7408
7451
7473
7516
7533
7553
7556
7592
7668
7674
7677
7736
7746
7753
7765
7769
7774
7779
7785
7789
7798
7810
7825
7834
7839
7844
7850
7851
7856
7901
7904
7954
7962
7966
7974
7994
8031
8105
8130
8131
8224
8229
8235
8263
8265
8265
8303
8355
8355
8383
8400
8411
8413
8429
8429
8465
8494
8496
8503
8511
8540
8561
8567
8572
8575
8582
8594
8617
8630
8653
8657
8672
8676
8682
8696
8699
8709
8712
8715
8727
8747
8753
8763
8778
8783
8809
8810
8819
8841
8883
8909
8935
8955
8960
9070
9093
9102
9109
9109
9124
9126
9142
9149
9162
9163
9169
9209
9219
9270
9274
9280
9299
9300
9317
9332
9335
9353
9370
9415
9419
9426
9436
9451
9453
9454
9472
9480
9488
9497
9507
9522
9577
9580
9586
9625
9639
9670
9677
9678
9697
9701
9703
9703
9733
9740
9780
9781
9836
9841
9858
9899
9915
9930
9946
9958
9973
9993
9999
10018
10031
10036
10038
10056
10059
10080
10101
10118
10147
10149
10159
10167
10174
10178
10184
10192
10211
10221
10238
10243
10243
10255
10272
10275
10290
10340
10341
10356
10357
10359
10359
10361
10365
10368
10369
10395
10403
10411
10414
10424
10443
10468
10470
10475
10477
10495
10527
10565
10567
10589
10601
10630
10638
10664
10719
10724
10739
10754
10754
10757
10774
10774
10797
10799
10832
10846
10864
10904
10909
10915
10937
10948
10973
10974
10986
11013
11074
11075
11096
11139
11142
11158
11159
11162
11178
11204
11205
11238
11292
11302
11337
11341
11346
11346
11353
11372
11373
11433
11479
11480
11481
11536
11569
11581
11600
11637
11650
11672
11689
11697
11711
11726
11739
11742
11745
11791
11807
11826
11870
11878
11884
11897
11923
11926
11929
11932
11950
11952
11970
11976
12005
12053
12059
12060
12064
12068
12068
12093
12093
12110
12157
12176
12186
12191
12193
12206
12212
12243
12279
12311
12348
12359
12377
12383
12400
12437
12443
12476
12492
12525
12533
12555
12579
12614
12632
12642
12646
12647
12648
12653
12679
12679
12680
12681
12698
12719
12735
12758
12768
12912
12914
12932
12947
12980
12985
12990
13004
13011
13014
13016
13030
13055
13070
13102
13103
13141
13142
13145
13161
13171
13179
13191
13204
13282
13283
13310
13317
13327
13334
13354
13374
13377
13391
13405
13408
13411
13416
13419
13430
13442
13473
13482
13494
13495
13496
13499
13507
13512
13512
13543
13545
13553
13571
13583
13583
13621
13661
13684
13701
13702
13705
13713
13784
13801
13844
13869
13874
13887
13896
13903
13928
13930
13952
13968
13968
14018
14021
14024
14031
14039
14059
14059
14068
14070
14079
14107
14116
14125
14138
14143
14151
14158
14160
14165
14183
14195
14196
14207
14222
14250
14279
14300
14321
14339
14359
14362
14369
14382
14394
14397
14413
14414
14425
14428
14439
14448
14453
14456
14456
14466
14475
14478
14479
14481
14490
14503
14503
14520
14542
14564
14570
14572
14586
14593
14596
14618
14626
14636
14643
14648
14650
14650
14685
14699
14704
14708
14711
14760
14762
14777
14780
14780
14790
14820
14839
14841
14842
14848
14860
14860
14861
14883
14906
14907
14915
14923
14930
14934
14947
14948
14980
14996
15003
15020
15048
15055
15065
15068
15086
15108
15111
15117
15120
15127
15140
15211
15217
15231
15241
15276
15285
15337
15427
15432
15441
15474
15480
15481
15482
15485
15488
15502
15523
15564
15597
15599
15613
15613
15631
15636
15636
15650
15657
15659
15661
15685
15710
15719
15749
15767
15772
15792
15812
15834
15841
15853
15858
15922
15926
15936
15937
15973
15995
16007
16016
16044
16047
16070
16078
16111
16137
16147
16150
16198
16209
16218
16230
16237
16247
16256
16258
16265
16327
16332
16333
16341
16341
16354
16355
16356
16376
16378
16381
16388
16417
16423
16428
16504
16513
16522
16537
16540
16578
16581
16592
16593
16601
16602
16627
16636
16642
16654
16661
16663
16674
16683
16708
16712
16779
16812
16832
16851
16852
16902
16904
16931
16937
16952
16972
16996
17004
17022
17023
17033
17064
17069
17121
17128
17138
17158
17164
17184
17191
17191
17227
17240
17251
17270
17337
17358
17366
17368
17379
17419
17431
17434
17436
17467
17484
17497
17540
17570
17572
17574
17581
17601
17606
17607
17609
17609
17620
17625
17628
17639
17662
17702
17708
17711
17717
17726
17741
17766
17773
17807
17823
17826
17844
17847
17866
17870
17870
17871
17955
17968
17986
17988
18001
18009
18018
18020
18032
18034
18038
18060
18089
18115
18128
18149
18162
18194
18210
18217
18223
18251
18277
18327
18366
18370
18380
18392
18394
18407
18417
18428
18444
18464
18479
18488
18497
18510
18523
18534
18540
18546
18573
18582
18586
18586
18606
18640
18651
18652
18698
18702
18750
18782
18786
18845
18846
18848
18855
18856
18859
18860
18875
18889
18908
18920
18936
18955
18979
18993
19033
19067
19090
19096
19113
19138
19140
19167
19195
19220
19226
19230
19236
19283
19283
19285
19304
19347
19349
19362
19363
19364
19368
19369
19403
19414
19444
19456
19466
19478
19536
19548
19568
19571
19590
19623
19627
19630
19646
19651
19669
19672
19674
19697
19716
19724
19725
19739
19742
19745
19748
19754
19755
19765
19767
19772
19778
19779
19803
19826
19835
19862
19880
19885
19891
19893
19945
19966
20005
20006
20015
20021
20033
20041
20047
20049
20067
20071
20075
20081
20085
20108
20113
20118
20122
20125
20126
20133
20138
20143
20166
20174
20178
20179
20194
20204
20215
20215
20245
20251
20271
20280
20303
20304
20322
20328
20341
20342
20358
20367
20383
20419
20429
20454
20463
20478
20496
20507
20512
20549
20565
20570
20584
20589
20595
20609
20625
20649
20691
20708
20729
20755
20771
20775
20814
20819
20841
20853
20861
20878
20886
20888
20888
20913
20916
20968
20979
21007
21011
21033
21037
21046
21086
21090
21107
21123
21195
21202
21226
21243
21272
21360
21383
21432
21442
21470
21482
21487
21495
21497
21524
21529
21530
21535
21538
21546
21552
21553
21567
21581
21604
21615
21624
21636
21639
21681
21683
21690
21705
21727
21732
21756
21759
21760
21764
21767
21780
21892
21893
21912
21928
21954
21954
21955
21961
21963
21981
21996
22024
22040
22054
22067
22083
22114
22137
22143
22185
22225
22250
22257
22269
22280
22283
22293
22308
22308
22317
22322
22338
22354
22364
22386
22409
22428
22434
22451
22480
22481
22488
22501
22513
22515
22518
22529
22534
22548
22570
22579
22583
22587
22600
22606
22622
22631
22640
22642
22645
22667
22674
22723
22755
22755
22759
22803
22854
22869
22878
22880
22907
22907
22924
22934
22937
22940
22988
23001
23033
23038
23062
23075
23092
23105
23108
23133
23159
23164
23198
23225
23249
23257
23268
23345
23374
23384
23395
23404
23410
23483
23510
23541
23541
23565
23600
23641
23652
23680
23690
23704
23723
23731
23734
23737
23747
23762
23778
23791
23797
23878
23878
23902
23957
23990
24019
24034
24036
24040
24041
24053
24061
24062
24064
24075
24077
24078
24103
24113
24120
24163
24183
24203
24213
24220
24233
24237
24241
24280
24293
24321
24329
24339
24345
24350
24367
24377
24384
24422
24427
24442
24475
24506
24510
24522
24524
24530
24531
24563
24622
24628
24631
24640
24671
24686
24687
24729
24738
24759
24766
24842
24858
24875
24885
24891
24892
24906
24927
24945
24996
25016
25034
25051
25055
25074
25113
25123
25142
25155
25163
25204
25208
25212
25240
25278
25284
25298
25336
25346
25374
25380
25384
25409
25428
25452
25459
25474
25535
25540
25542
25560
25567
25601
25623
25652
25671
25677
25677
25705
25717
25734
25763
25769
25778
25779
25780
25793
25818
25821
25834
25906
25908
25918
25936
25943
25943
25950
25956
25960
26057
26069
26070
26071
26086
26091
26108
26130
26140
26172
26174
26178
26196
26212
26235
26243
26254
26283
26311
26326
26346
26359
26362
26367
26377
26379
26411
26414
26422
26429
26460
26468
26482
26488
26495
26501
26513
26529
26540
26550
26592
26609
26639
26650
26650
26670
26683
26684
26700
26755
26772
26772
26789
26809
26820
26824
26832
26836
26846
26861
26862
26882
26895
26896
26902
26923
26987
26998
27003
27010
27020
27028
27030
27068
27076
27093
27143
27156
27168
27194
27194
27198
27212
27213
27218
27233
27264
27274
27338
27353
27367
27372
27376
27408
27415
27420
27424
27444
27445
27449
27453
27462
27489
27506
27510
27511
27541
27553
27555
27575
27587
27600
27638
27671
27685
27693
27697
27708
27749
27760
27763
27782
27808
27823
27833
27857
27879
27885
27888
27899
27927
27939
27939
27940
27953
27955
27977
27993
